0.0     0.1    -1.0    -0.9                 1.9477231116824434
0.1     0.2    -1.0    -0.9                 1.9567174108715217
0.2     0.3    -1.0    -0.9                 1.9788657141726365
0.3     0.4    -1.0    -0.9                 2.012963484842385
0.4     0.5    -1.0    -0.9                 2.0264245764772633
0.5     0.6    -1.0    -0.9                 2.1985753231905725
0.6     0.7    -1.0    -0.9                 2.180739706908583
0.7     0.8    -1.0    -0.9                 2.3491824844953957
0.8     0.9    -1.0    -0.9                 2.449779519843214
0.9     1.0    -1.0    -0.9                 2.6108297216855516
1.0     1.1    -1.0    -0.9                 2.810251798561151
1.1     1.2    -1.0    -0.9                 3.155967935365777
1.2     1.3    -1.0    -0.9                 3.2709668978149944
1.3     1.4    -1.0    -0.9                 3.5460992907801416
1.4     1.5    -1.0    -0.9                 3.9460184673664274
1.5     1.6    -1.0    -0.9                 4.360338362256911
1.6     1.7    -1.0    -0.9                 4.825323296660876
1.7     1.8    -1.0    -0.9                 4.924652811976756
1.8     1.9    -1.0    -0.9                 5.236918178390381
1.9     2.0    -1.0    -0.9                 5.606261072365617
2.0     2.1    -1.0    -0.9                 5.891988074616137
2.1     2.2    -1.0    -0.9                 6.339224586048634
2.2     2.3    -1.0    -0.9                 6.566764292562483
2.3     2.4    -1.0    -0.9                 7.188555819135936
2.4     2.5    -1.0    -0.9                 8.112932013629726
0.0     0.1    -0.9    -0.8                 1.9057056828143464
0.1     0.2    -0.9    -0.8                 1.9314713949086415
0.2     0.3    -0.9    -0.8                 1.9252242886296254
0.3     0.4    -0.9    -0.8                 1.9484821324188457
0.4     0.5    -0.9    -0.8                 1.982632142432293
0.5     0.6    -0.9    -0.8                 2.0211002869962407
0.6     0.7    -0.9    -0.8                 2.1204410517387617
0.7     0.8    -0.9    -0.8                 2.3446658851113718
0.8     0.9    -0.9    -0.8                 2.3996928393165677
0.9     1.0    -0.9    -0.8                 2.5279336670205774
1.0     1.1    -0.9    -0.8                 2.6923698239190137
1.1     1.2    -0.9    -0.8                 2.928772258669166
1.2     1.3    -0.9    -0.8                 3.081094404732561
1.3     1.4    -0.9    -0.8                 3.1547731718089467
1.4     1.5    -0.9    -0.8                 3.385011170536863
1.5     1.6    -0.9    -0.8                 3.5320712065555244
1.6     1.7    -0.9    -0.8                 3.780432481475881
1.7     1.8    -0.9    -0.8                 3.7218996575852312
1.8     1.9    -0.9    -0.8                 3.695218387406696
1.9     2.0    -0.9    -0.8                 3.9748787661976306
2.0     2.1    -0.9    -0.8                 4.26949022286739
2.1     2.2    -0.9    -0.8                 4.131548504379441
2.2     2.3    -0.9    -0.8                 4.249171411574743
2.3     2.4    -0.9    -0.8                 4.16770859381512
2.4     2.5    -0.9    -0.8                 4.527755139002083
0.0     0.1    -0.8    -0.7                 1.899118808872683
0.1     0.2    -0.8    -0.7                 1.9010684004410479
0.2     0.3    -0.8    -0.7                 1.9221158651443508
0.3     0.4    -0.8    -0.7                 1.92789666473877
0.4     0.5    -0.8    -0.7                 2.0134498449643616
0.5     0.6    -0.8    -0.7                 2.117119024431554
0.6     0.7    -0.8    -0.7                 2.1548008963971728
0.7     0.8    -0.8    -0.7                 2.1828341919147825
0.8     0.9    -0.8    -0.7                 2.3061666897283337
0.9     1.0    -0.8    -0.7                 2.5036302638826298
1.0     1.1    -0.8    -0.7                 2.596728122565567
1.1     1.2    -0.8    -0.7                 2.757251571633396
1.2     1.3    -0.8    -0.7                 2.872407652093985
1.3     1.4    -0.8    -0.7                 2.862704683384862
1.4     1.5    -0.8    -0.7                 2.951071238859706
1.5     1.6    -0.8    -0.7                 3.1418876460977754
1.6     1.7    -0.8    -0.7                 3.1806615776081424
1.7     1.8    -0.8    -0.7                 3.3136722115448336
1.8     1.9    -0.8    -0.7                 3.2511866831393457
1.9     2.0    -0.8    -0.7                 3.4482758620689653
2.0     2.1    -0.8    -0.7                 3.2990234890472423
2.1     2.2    -0.8    -0.7                 3.4059945504087192
2.2     2.3    -0.8    -0.7                 3.354353951428955
2.3     2.4    -0.8    -0.7                 3.3360021350413667
2.4     2.5    -0.8    -0.7                 3.740834954361814
0.0     0.1    -0.7    -0.6                 1.9149751053236308
0.1     0.2    -0.7    -0.6                 1.9070139974827414
0.2     0.3    -0.7    -0.6                 1.9259658718847503
0.3     0.4    -0.7    -0.6                 1.956334611471946
0.4     0.5    -0.7    -0.6                 1.9713756259117612
0.5     0.6    -0.7    -0.6                 2.1196320318792656
0.6     0.7    -0.7    -0.6                 2.0494323072508918
0.7     0.8    -0.7    -0.6                 2.174669450243563
0.8     0.9    -0.7    -0.6                 2.305422353375138
0.9     1.0    -0.7    -0.6                 2.401998462720984
1.0     1.1    -0.7    -0.6                 2.4601456406219246
1.1     1.2    -0.7    -0.6                 2.5637081474644927
1.2     1.3    -0.7    -0.6                 2.7003672499459928
1.3     1.4    -0.7    -0.6                 2.828054298642534
1.4     1.5    -0.7    -0.6                 2.9585798816568047
1.5     1.6    -0.7    -0.6                 2.9238056254020233
1.6     1.7    -0.7    -0.6                 2.8696051423324147
1.7     1.8    -0.7    -0.6                 3.092719737737366
1.8     1.9    -0.7    -0.6                 3.1096461222712852
1.9     2.0    -0.7    -0.6                 3.145445395067942
2.0     2.1    -0.7    -0.6                 3.0652280529671407
2.1     2.2    -0.7    -0.6                 3.086610284585468
2.2     2.3    -0.7    -0.6                 3.001380635092142
2.3     2.4    -0.7    -0.6                 2.987393200693075
2.4     2.5    -0.7    -0.6                 3.385011170536863
0.0     0.1    -0.6    -0.5                 1.9301293186643504
0.1     0.2    -0.6    -0.5                 1.908324109766803
0.2     0.3    -0.6    -0.5                 1.9234468166955183
0.3     0.4    -0.6    -0.5                 1.9726200339290647
0.4     0.5    -0.6    -0.5                 1.9892580067634773
0.5     0.6    -0.6    -0.5                 2.036411029202134
0.6     0.7    -0.6    -0.5                 2.035581972886048
0.7     0.8    -0.6    -0.5                 2.1106842838448223
0.8     0.9    -0.6    -0.5                 2.1480431327061047
0.9     1.0    -0.6    -0.5                 2.259274321088067
1.0     1.1    -0.6    -0.5                 2.4492995003429017
1.1     1.2    -0.6    -0.5                 2.4478605698619407
1.2     1.3    -0.6    -0.5                 2.4942631946522997
1.3     1.4    -0.6    -0.5                 2.721384640505089
1.4     1.5    -0.6    -0.5                 2.72005222500272
1.5     1.6    -0.6    -0.5                 2.7925160569673277
1.6     1.7    -0.6    -0.5                 2.6877385367951407
1.7     1.8    -0.6    -0.5                 2.7967334153708467
1.8     1.9    -0.6    -0.5                 2.8640164967350215
1.9     2.0    -0.6    -0.5                 2.860411899313501
2.0     2.1    -0.6    -0.5                 2.9392745870319206
2.1     2.2    -0.6    -0.5                 2.860248269549797
2.2     2.3    -0.6    -0.5                 2.78955590270029
2.3     2.4    -0.6    -0.5                 2.876373468331128
2.4     2.5    -0.6    -0.5                 3.2123353678123996
0.0     0.1    -0.5    -0.4                 1.911826559094559
0.1     0.2    -0.5    -0.4                 1.9046167911016305
0.2     0.3    -0.5    -0.4                 1.9007793195210037
0.3     0.4    -0.5    -0.4                 1.923298842174097
0.4     0.5    -0.5    -0.4                 1.9495457558388898
0.5     0.6    -0.5    -0.4                 1.9858606720152512
0.6     0.7    -0.5    -0.4                 2.088031403992316
0.7     0.8    -0.5    -0.4                 2.071594298972489
0.8     0.9    -0.5    -0.4                 2.2270722907665585
0.9     1.0    -0.5    -0.4                 2.2682937894116044
1.0     1.1    -0.5    -0.4                 2.402113860196973
1.1     1.2    -0.5    -0.4                 2.395439083984094
1.2     1.3    -0.5    -0.4                 2.5055121266786933
1.3     1.4    -0.5    -0.4                 2.5559758715877723
1.4     1.5    -0.5    -0.4                 2.6109660574412534
1.5     1.6    -0.5    -0.4                 2.570694087403599
1.6     1.7    -0.5    -0.4                 2.692224854619858
1.7     1.8    -0.5    -0.4                 2.792828017650673
1.8     1.9    -0.5    -0.4                 2.8061510831743184
1.9     2.0    -0.5    -0.4                 2.744990392533626
2.0     2.1    -0.5    -0.4                 2.671796515977343
2.1     2.2    -0.5    -0.4                 2.753303964757709
2.2     2.3    -0.5    -0.4                 2.7800945232137892
2.3     2.4    -0.5    -0.4                 2.842201000454752
2.4     2.5    -0.5    -0.4                 3.1904032669729454
0.0     0.1    -0.4    -0.3                 1.868879419899828
0.1     0.2    -0.4    -0.3                 1.9056330512996416
0.2     0.3    -0.4    -0.3                 1.9142419601837672
0.3     0.4    -0.4    -0.3                 1.9120458891013383
0.4     0.5    -0.4    -0.3                 1.9709093775868185
0.5     0.6    -0.4    -0.3                 2.002002002002002
0.6     0.7    -0.4    -0.3                 2.03185955786736
0.7     0.8    -0.4    -0.3                 2.12630236019562
0.8     0.9    -0.4    -0.3                 2.1447261184746704
0.9     1.0    -0.4    -0.3                 2.2064339614315345
1.0     1.1    -0.4    -0.3                 2.234537003932785
1.1     1.2    -0.4    -0.3                 2.42671325956125
1.2     1.3    -0.4    -0.3                 2.476841531678803
1.3     1.4    -0.4    -0.3                 2.445824976764663
1.4     1.5    -0.4    -0.3                 2.5941683096399295
1.5     1.6    -0.4    -0.3                 2.7041644131963225
1.6     1.7    -0.4    -0.3                 2.67022696929239
1.7     1.8    -0.4    -0.3                 2.7144408251900107
1.8     1.9    -0.4    -0.3                 2.765486725663717
1.9     2.0    -0.4    -0.3                 2.7051885516420495
2.0     2.1    -0.4    -0.3                 2.6705122042407736
2.1     2.2    -0.4    -0.3                 2.7166530834012494
2.2     2.3    -0.4    -0.3                 2.7816411682892905
2.3     2.4    -0.4    -0.3                 2.7054813051241817
2.4     2.5    -0.4    -0.3                 3.195092338168573
0.0     0.1    -0.3    -0.2                 1.867553131886602
0.1     0.2    -0.3    -0.2                 1.933263735838843
0.2     0.3    -0.3    -0.2                 1.8742034635280005
0.3     0.4    -0.3    -0.2                 1.9276736833988741
0.4     0.5    -0.3    -0.2                 1.9633250873679666
0.5     0.6    -0.3    -0.2                 1.9898121617319324
0.6     0.7    -0.3    -0.2                 2.0180005650401585
0.7     0.8    -0.3    -0.2                 2.022081125894771
0.8     0.9    -0.3    -0.2                 2.0997816227112382
0.9     1.0    -0.3    -0.2                 2.167786689789725
1.0     1.1    -0.3    -0.2                 2.231246374224642
1.1     1.2    -0.3    -0.2                 2.345215759849906
1.2     1.3    -0.3    -0.2                 2.332960059723778
1.3     1.4    -0.3    -0.2                 2.4748799683215363
1.4     1.5    -0.3    -0.2                 2.5214321734745337
1.5     1.6    -0.3    -0.2                 2.4421217153462926
1.6     1.7    -0.3    -0.2                 2.667377967457989
1.7     1.8    -0.3    -0.2                 2.694401034649997
1.8     1.9    -0.3    -0.2                 2.6270162349603323
1.9     2.0    -0.3    -0.2                 2.620957173559784
2.0     2.1    -0.3    -0.2                 2.7028488026379804
2.1     2.2    -0.3    -0.2                 2.658867322520606
2.2     2.3    -0.3    -0.2                 2.7040181710021094
2.3     2.4    -0.3    -0.2                 2.6621233095516983
2.4     2.5    -0.3    -0.2                 3.1482181085505605
0.0     0.1    -0.2    -0.1                 1.9170309025381491
0.1     0.2    -0.2    -0.1                 1.9580200501253133
0.2     0.3    -0.2    -0.1                 1.9196068645141475
0.3     0.4    -0.2    -0.1                 1.9378342764126812
0.4     0.5    -0.2    -0.1                 1.96811651249754
0.5     0.6    -0.2    -0.1                 2.005133140840552
0.6     0.7    -0.2    -0.1                 2.039983680130559
0.7     0.8    -0.2    -0.1                 2.0733123237684525
0.8     0.9    -0.2    -0.1                 2.0808190103624784
0.9     1.0    -0.2    -0.1                 2.207602984679235
1.0     1.1    -0.2    -0.1                 2.246383322850211
1.1     1.2    -0.2    -0.1                 2.2271714922048997
1.2     1.3    -0.2    -0.1                 2.3696682464454977
1.3     1.4    -0.2    -0.1                 2.4354603019970775
1.4     1.5    -0.2    -0.1                 2.5508902607009847
1.5     1.6    -0.2    -0.1                 2.5675259320119133
1.6     1.7    -0.2    -0.1                 2.540263171264543
1.7     1.8    -0.2    -0.1                 2.5642340632852965
1.8     1.9    -0.2    -0.1                 2.7274710888064586
1.9     2.0    -0.2    -0.1                 2.6108297216855516
2.0     2.1    -0.2    -0.1                 2.7190168035238456
2.1     2.2    -0.2    -0.1                 2.644383329807489
2.2     2.3    -0.2    -0.1                 2.538199908624803
2.3     2.4    -0.2    -0.1                 2.8468940386038835
2.4     2.5    -0.2    -0.1                 3.1242189452636837
0.0     0.1    -0.1    0.0                  1.8630994522487612
0.1     0.2    -0.1    0.0                  1.918649270913277
0.2     0.3    -0.1    0.0                  1.9334132477475736
0.3     0.4    -0.1    0.0                  1.9284171551990126
0.4     0.5    -0.1    0.0                  1.9666456891126494
0.5     0.6    -0.1    0.0                  1.9801980198019802
0.6     0.7    -0.1    0.0                  2.003205128205128
0.7     0.8    -0.1    0.0                  2.037821975872188
0.8     0.9    -0.1    0.0                  2.056682160338941
0.9     1.0    -0.1    0.0                  2.153501593591179
1.0     1.1    -0.1    0.0                  2.1867483052700636
1.1     1.2    -0.1    0.0                  2.259172239291524
1.2     1.3    -0.1    0.0                  2.339728591483388
1.3     1.4    -0.1    0.0                  2.4525432873890223
1.4     1.5    -0.1    0.0                  2.47794627812469
1.5     1.6    -0.1    0.0                  2.5046335721084008
1.6     1.7    -0.1    0.0                  2.550499897980004
1.7     1.8    -0.1    0.0                  2.6055237102657633
1.8     1.9    -0.1    0.0                  2.6401943183018273
1.9     2.0    -0.1    0.0                  2.5949761262196387
2.0     2.1    -0.1    0.0                  2.7013885136960396
2.1     2.2    -0.1    0.0                  2.791892344631191
2.2     2.3    -0.1    0.0                  2.664961091568063
2.3     2.4    -0.1    0.0                  2.661556478228468
2.4     2.5    -0.1    0.0                  3.1139067073550475
0.0     0.1    0.0    0.1                   1.897029252191069
0.1     0.2    0.0    0.1                   1.8751171948246765
0.2     0.3    0.0    0.1                   1.8880036249669598
0.3     0.4    0.0    0.1                   1.92789666473877
0.4     0.5    0.0    0.1                   1.9227811105983694
0.5     0.6    0.0    0.1                   2.015235177945266
0.6     0.7    0.0    0.1                   1.9237428340579432
0.7     0.8    0.0    0.1                   2.032189887823118
0.8     0.9    0.0    0.1                   2.1050858875042104
0.9     1.0    0.0    0.1                   2.1397697607737407
1.0     1.1    0.0    0.1                   2.214937538761407
1.1     1.2    0.0    0.1                   2.2803977013591172
1.2     1.3    0.0    0.1                   2.375296912114014
1.3     1.4    0.0    0.1                   2.465361668556777
1.4     1.5    0.0    0.1                   2.47610558114198
1.5     1.6    0.0    0.1                   2.4011909907314024
1.6     1.7    0.0    0.1                   2.706359945872801
1.7     1.8    0.0    0.1                   2.589197866500958
1.8     1.9    0.0    0.1                   2.6250853152727465
1.9     2.0    0.0    0.1                   2.627430373095113
2.0     2.1    0.0    0.1                   2.577319587628866
2.1     2.2    0.0    0.1                   2.735678721890901
2.2     2.3    0.0    0.1                   2.7822603082744424
2.3     2.4    0.0    0.1                   2.7970463190870443
2.4     2.5    0.0    0.1                   3.036007043536341
0.0     0.1    0.1    0.2                   1.8875047187617968
0.1     0.2    0.1    0.2                   1.9009238489906093
0.2     0.3    0.1    0.2                   1.8988303205225583
0.3     0.4    0.1    0.2                   1.9622463796554297
0.4     0.5    0.1    0.2                   1.9176926322249068
0.5     0.6    0.1    0.2                   1.9841269841269842
0.6     0.7    0.1    0.2                   2.001441037547034
0.7     0.8    0.1    0.2                   2.0359135143939087
0.8     0.9    0.1    0.2                   2.1227816931306784
0.9     1.0    0.1    0.2                   2.198768689533861
1.0     1.1    0.1    0.2                   2.2311468094600624
1.1     1.2    0.1    0.2                   2.341043168836033
1.2     1.3    0.1    0.2                   2.3229882921390077
1.3     1.4    0.1    0.2                   2.3337222870478413
1.4     1.5    0.1    0.2                   2.490411914130597
1.5     1.6    0.1    0.2                   2.5576755844288708
1.6     1.7    0.1    0.2                   2.629917946560067
1.7     1.8    0.1    0.2                   2.6695141484249865
1.8     1.9    0.1    0.2                   2.667377967457989
1.9     2.0    0.1    0.2                   2.788933511825078
2.0     2.1    0.1    0.2                   2.6847079037800685
2.1     2.2    0.1    0.2                   2.7480076944215446
2.2     2.3    0.1    0.2                   2.7631942525559547
2.3     2.4    0.1    0.2                   2.74423710208562
2.4     2.5    0.1    0.2                   3.136959658698789
0.0     0.1    0.2    0.3                   1.9031668696711328
0.1     0.2    0.2    0.3                   1.8843037497644621
0.2     0.3    0.2    0.3                   1.912484700122399
0.3     0.4    0.2    0.3                   1.9000570017100513
0.4     0.5    0.2    0.3                   1.9744116253356498
0.5     0.6    0.2    0.3                   1.9828680203045685
0.6     0.7    0.2    0.3                   2.014179825974863
0.7     0.8    0.2    0.3                   2.133925141906022
0.8     0.9    0.2    0.3                   2.1699505251280273
0.9     1.0    0.2    0.3                   2.1813105313672456
1.0     1.1    0.2    0.3                   2.2208403659944924
1.1     1.2    0.2    0.3                   2.3224487900041804
1.2     1.3    0.2    0.3                   2.384813507583707
1.3     1.4    0.2    0.3                   2.5223225546082833
1.4     1.5    0.2    0.3                   2.461114392596968
1.5     1.6    0.2    0.3                   2.518130539887188
1.6     1.7    0.2    0.3                   2.599157872849197
1.7     1.8    0.2    0.3                   2.5803787996077823
1.8     1.9    0.2    0.3                   2.600780234070221
1.9     2.0    0.2    0.3                   2.7244986922406276
2.0     2.1    0.2    0.3                   2.67293916390463
2.1     2.2    0.2    0.3                   2.775464890369137
2.2     2.3    0.2    0.3                   2.7751567963589943
2.3     2.4    0.2    0.3                   2.8267752148349166
2.4     2.5    0.2    0.3                   3.1312625250501003
0.0     0.1    0.3    0.4                   1.8882175226586102
0.1     0.2    0.3    0.4                   1.9162227417314988
0.2     0.3    0.3    0.4                   1.8982536066818527
0.3     0.4    0.3    0.4                   1.9143885442989508
0.4     0.5    0.3    0.4                   1.9928258270227182
0.5     0.6    0.3    0.4                   1.9823963206724289
0.6     0.7    0.3    0.4                   2.009484768105458
0.7     0.8    0.3    0.4                   2.058714538642072
0.8     0.9    0.3    0.4                   2.142336861048031
0.9     1.0    0.3    0.4                   2.2270722907665585
1.0     1.1    0.3    0.4                   2.2565213466919394
1.1     1.2    0.3    0.4                   2.387090613959706
1.2     1.3    0.3    0.4                   2.44164469186444
1.3     1.4    0.3    0.4                   2.501000400160064
1.4     1.5    0.3    0.4                   2.4685262898049865
1.5     1.6    0.3    0.4                   2.6847079037800685
1.6     1.7    0.3    0.4                   2.696435312516853
1.7     1.8    0.3    0.4                   2.623019620186759
1.8     1.9    0.3    0.4                   2.751940117783037
1.9     2.0    0.3    0.4                   2.631163500499921
2.0     2.1    0.3    0.4                   2.74423710208562
2.1     2.2    0.3    0.4                   2.7276198788936776
2.2     2.3    0.3    0.4                   2.739425816348893
2.3     2.4    0.3    0.4                   2.6785235977928963
2.4     2.5    0.3    0.4                   3.1403090064062305
0.0     0.1    0.4    0.5                   1.8772996921228504
0.1     0.2    0.4    0.5                   1.9544992572902824
0.2     0.3    0.4    0.5                   1.9564877132571608
0.3     0.4    0.4    0.5                   1.8821049461717987
0.4     0.5    0.4    0.5                   1.9870444700552397
0.5     0.6    0.4    0.5                   2.0503567620766012
0.6     0.7    0.4    0.5                   2.0460776691083193
0.7     0.8    0.4    0.5                   2.068936980179584
0.8     0.9    0.4    0.5                   2.1810250817884405
0.9     1.0    0.4    0.5                   2.245576214856732
1.0     1.1    0.4    0.5                   2.3226645607841316
1.1     1.2    0.4    0.5                   2.357823257568613
1.2     1.3    0.4    0.5                   2.4712103988533585
1.3     1.4    0.4    0.5                   2.531773760696744
1.4     1.5    0.4    0.5                   2.66851683834125
1.5     1.6    0.4    0.5                   2.719460459044926
1.6     1.7    0.4    0.5                   2.727768685215494
1.7     1.8    0.4    0.5                   2.787068004459309
1.8     1.9    0.4    0.5                   2.738225629791895
1.9     2.0    0.4    0.5                   2.7691626052281793
2.0     2.1    0.4    0.5                   2.7642636001769127
2.1     2.2    0.4    0.5                   2.7670171555063643
2.2     2.3    0.4    0.5                   2.852090582396897
2.3     2.4    0.4    0.5                   2.8555111364934325
2.4     2.5    0.4    0.5                   3.1220730565095223
0.0     0.1    0.5    0.6                   1.8800526414739613
0.1     0.2    0.5    0.6                   1.9068685404828192
0.2     0.3    0.5    0.6                   1.9241129839144155
0.3     0.4    0.5    0.6                   1.941973822192877
0.4     0.5    0.5    0.6                   1.9340863376141113
0.5     0.6    0.5    0.6                   2.038071169445237
0.6     0.7    0.5    0.6                   2.05939289097574
0.7     0.8    0.5    0.6                   2.1295625878444566
0.8     0.9    0.5    0.6                   2.2208403659944924
0.9     1.0    0.5    0.6                   2.282479685930795
1.0     1.1    0.5    0.6                   2.391200382592061
1.1     1.2    0.5    0.6                   2.417561164297457
1.2     1.3    0.5    0.6                   2.5855827903609474
1.3     1.4    0.5    0.6                   2.569901315789474
1.4     1.5    0.5    0.6                   2.8009635314548205
1.5     1.6    0.5    0.6                   2.7138514980460267
1.6     1.7    0.5    0.6                   2.8205562136853386
1.7     1.8    0.5    0.6                   2.856816363844132
1.8     1.9    0.5    0.6                   2.5124365609768353
1.9     2.0    0.5    0.6                   2.86697247706422
2.0     2.1    0.5    0.6                   2.961734391659756
2.1     2.2    0.5    0.6                   2.895864705200973
2.2     2.3    0.5    0.6                   2.9156219021517287
2.3     2.4    0.5    0.6                   2.904443799012489
2.4     2.5    0.5    0.6                   3.1373533287318818
0.0     0.1    0.6    0.7                   1.8697180465185852
0.1     0.2    0.6    0.7                   1.93753390684337
0.2     0.3    0.6    0.7                   1.9006348120272172
0.3     0.4    0.6    0.7                   1.948102548118133
0.4     0.5    0.6    0.7                   2.0305393112410655
0.5     0.6    0.6    0.7                   2.0569359881520484
0.6     0.7    0.6    0.7                   2.0270818130219737
0.7     0.8    0.6    0.7                   2.1447261184746704
0.8     0.9    0.6    0.7                   2.2944199706314246
0.9     1.0    0.6    0.7                   2.340604812283494
1.0     1.1    0.6    0.7                   2.4982512241431
1.1     1.2    0.6    0.7                   2.5639710784062357
1.2     1.3    0.6    0.7                   2.7279175077745648
1.3     1.4    0.6    0.7                   2.7040181710021094
1.4     1.5    0.6    0.7                   2.9448141822251013
1.5     1.6    0.6    0.7                   2.8851702250432774
1.6     1.7    0.6    0.7                   2.9489826010026543
1.7     1.8    0.6    0.7                   3.0100535789537055
1.8     1.9    0.6    0.7                   2.9670068834559697
1.9     2.0    0.6    0.7                   3.1160413810295404
2.0     2.1    0.6    0.7                   3.134992789516584
2.1     2.2    0.6    0.7                   2.9961649089165867
2.2     2.3    0.6    0.7                   3.051199121254653
2.3     2.4    0.6    0.7                   3.035269835488375
2.4     2.5    0.6    0.7                   3.238341968911917
0.0     0.1    0.7    0.8                   1.905197378448407
0.1     0.2    0.7    0.8                   1.9088340841414064
0.2     0.3    0.7    0.8                   1.9428038545228474
0.3     0.4    0.7    0.8                   1.9757379381198878
0.4     0.5    0.7    0.8                   1.985072256630141
0.5     0.6    0.7    0.8                   2.090126243625115
0.6     0.7    0.7    0.8                   2.173157162726008
0.7     0.8    0.7    0.8                   2.285400859310723
0.8     0.9    0.7    0.8                   2.3754097581832867
0.9     1.0    0.7    0.8                   2.4396194193705782
1.0     1.1    0.7    0.8                   2.5724134382878017
1.1     1.2    0.7    0.8                   2.696871628910464
1.2     1.3    0.7    0.8                   2.805049088359046
1.3     1.4    0.7    0.8                   3.0087856541100013
1.4     1.5    0.7    0.8                   2.9619098394644867
1.5     1.6    0.7    0.8                   3.2100667693888036
1.6     1.7    0.7    0.8                   3.301419610432486
1.7     1.8    0.7    0.8                   3.324026060364313
1.8     1.9    0.7    0.8                   3.3275655530413952
1.9     2.0    0.7    0.8                   3.4904013961605584
2.0     2.1    0.7    0.8                   3.399048266485384
2.1     2.2    0.7    0.8                   3.35345405767941
2.2     2.3    0.7    0.8                   3.27139492279508
2.3     2.4    0.7    0.8                   3.3724537973829762
2.4     2.5    0.7    0.8                   3.740275284260922
0.0     0.1    0.8    0.9                   1.9219680953296174
0.1     0.2    0.8    0.9                   1.918870169244349
0.2     0.3    0.8    0.9                   1.8855117278829474
0.3     0.4    0.8    0.9                   1.9883878151594687
0.4     0.5    0.8    0.9                   2.0178376851366076
0.5     0.6    0.8    0.9                   2.101193477895445
0.6     0.7    0.8    0.9                   2.18751367196045
0.7     0.8    0.8    0.9                   2.268911376321641
0.8     0.9    0.8    0.9                   2.384131222582491
0.9     1.0    0.8    0.9                   2.4894199651481204
1.0     1.1    0.8    0.9                   2.6481648217785074
1.1     1.2    0.8    0.9                   2.794232703699564
1.2     1.3    0.8    0.9                   3.069933075458955
1.3     1.4    0.8    0.9                   3.077112437688473
1.4     1.5    0.8    0.9                   3.411106562969027
1.5     1.6    0.8    0.9                   3.5040997967622114
1.6     1.7    0.8    0.9                   3.9041149371437496
1.7     1.8    0.8    0.9                   3.839066339066339
1.8     1.9    0.8    0.9                   3.9616512162269237
1.9     2.0    0.8    0.9                   3.89347453667653
2.0     2.1    0.8    0.9                   4.089310542242578
2.1     2.2    0.8    0.9                   4.038119851397189
2.2     2.3    0.8    0.9                   4.088976120379457
2.3     2.4    0.8    0.9                   3.962279102940011
2.4     2.5    0.8    0.9                   4.557054320087495
0.0     0.1    0.9    1.0                   1.8833101058420278
0.1     0.2    0.9    1.0                   1.908542636842507
0.2     0.3    0.9    1.0                   1.9261884582787578
0.3     0.4    0.9    1.0                   1.9966456353326414
0.4     0.5    0.9    1.0                   2.0159664543182
0.5     0.6    0.9    1.0                   2.0771020272515788
0.6     0.7    0.9    1.0                   2.2118021764133418
0.7     0.8    0.9    1.0                   2.3583793217301072
0.8     0.9    0.9    1.0                   2.4133603629693985
0.9     1.0    0.9    1.0                   2.676802826703785
1.0     1.1    0.9    1.0                   2.8993911278631486
1.1     1.2    0.9    1.0                   3.108292925525302
1.2     1.3    0.9    1.0                   3.464043231259526
1.3     1.4    0.9    1.0                   3.7647767487388
1.4     1.5    0.9    1.0                   4.063388866314506
1.5     1.6    0.9    1.0                   3.9869228929112515
1.6     1.7    0.9    1.0                   4.629200999907416
1.7     1.8    0.9    1.0                   4.864286409183772
1.8     1.9    0.9    1.0                   5.48751042626981
1.9     2.0    0.9    1.0                   5.599793927583465
2.0     2.1    0.9    1.0                   6.063913649869626
2.1     2.2    0.9    1.0                   6.17955309472019
2.2     2.3    0.9    1.0                   7.241863766058834
2.3     2.4    0.9    1.0                   7.2082462336913435
2.4     2.5    0.9    1.0                   8.659958085802865
