0.0     0.1    -1.0    -0.9              2.273657405302169
0.1     0.2    -1.0    -0.9              2.2490104354084206
0.2     0.3    -1.0    -0.9              2.261420171867933
0.3     0.4    -1.0    -0.9              2.4248302618816684
0.4     0.5    -1.0    -0.9              2.407666008571291
0.5     0.6    -1.0    -0.9              2.624809701296656
0.6     0.7    -1.0    -0.9              2.7276198788936776
0.7     0.8    -1.0    -0.9              2.8524159963489075
0.8     0.9    -1.0    -0.9              3.0744635061181826
0.9     1.0    -1.0    -0.9              3.2051282051282053
1.0     1.1    -1.0    -0.9              3.4291200877854746
1.1     1.2    -1.0    -0.9              3.7458795325142344
1.2     1.3    -1.0    -0.9              3.9503831871691553
1.3     1.4    -1.0    -0.9              4.070666775217781
1.4     1.5    -1.0    -0.9              5.034182096434792
1.5     1.6    -1.0    -0.9              4.981071926678622
1.6     1.7    -1.0    -0.9              5.487088879865676
1.7     1.8    -1.0    -0.9              6.449948400412796
1.8     1.9    -1.0    -0.9              6.720068813504651
1.9     2.0    -1.0    -0.9              7.956082425013922
2.0     2.1    -1.0    -0.9              7.951274589316667
2.1     2.2    -1.0    -0.9              7.258158169782836
2.2     2.3    -1.0    -0.9              8.781018949438893
2.3     2.4    -1.0    -0.9              10.558770114457067
2.4     2.5    -1.0    -0.9              10.855405992184107
0.0     0.1    -0.9    -0.8              2.1907724663716426
0.1     0.2    -0.9    -0.8              2.2101401228837907
0.2     0.3    -0.9    -0.8              2.2893772893772892
0.3     0.4    -0.9    -0.8              2.2725206799381876
0.4     0.5    -0.9    -0.8              2.4263599747658566
0.5     0.6    -0.9    -0.8              2.587054379883065
0.6     0.7    -0.9    -0.8              2.695127210004312
0.7     0.8    -0.9    -0.8              2.7117908666883612
0.8     0.9    -0.9    -0.8              2.8895053166897826
0.9     1.0    -0.9    -0.8              3.156964263164541
1.0     1.1    -0.9    -0.8              3.291205897840969
1.1     1.2    -0.9    -0.8              3.265412748171369
1.2     1.3    -0.9    -0.8              3.6584473549425622
1.3     1.4    -0.9    -0.8              3.5986756873470562
1.4     1.5    -0.9    -0.8              4.00576830636116
1.5     1.6    -0.9    -0.8              3.891656288916563
1.6     1.7    -0.9    -0.8              4.025764895330113
1.7     1.8    -0.9    -0.8              4.65809577044904
1.8     1.9    -0.9    -0.8              4.838397522740468
1.9     2.0    -0.9    -0.8              4.884243430692585
2.0     2.1    -0.9    -0.8              5.214090558324816
2.1     2.2    -0.9    -0.8              4.867127421395892
2.2     2.3    -0.9    -0.8              5.5091562176337066
2.3     2.4    -0.9    -0.8              5.257015487167625
2.4     2.5    -0.9    -0.8              5.880485022404648
0.0     0.1    -0.8    -0.7              2.235736004292613
0.1     0.2    -0.8    -0.7              2.3058476295886368
0.2     0.3    -0.8    -0.7              2.272623971637653
0.3     0.4    -0.8    -0.7              2.2963167080003672
0.4     0.5    -0.8    -0.7              2.4902878772786137
0.5     0.6    -0.8    -0.7              2.5750630890456816
0.6     0.7    -0.8    -0.7              2.651113467656416
0.7     0.8    -0.8    -0.7              2.7869126581572936
0.8     0.9    -0.8    -0.7              2.904443799012489
0.9     1.0    -0.8    -0.7              2.9384109073812885
1.0     1.1    -0.8    -0.7              3.082614056720099
1.1     1.2    -0.8    -0.7              3.2985882042485817
1.2     1.3    -0.8    -0.7              3.3320005331200857
1.3     1.4    -0.8    -0.7              3.372681281618887
1.4     1.5    -0.8    -0.7              3.703155088135091
1.5     1.6    -0.8    -0.7              3.6517674554484367
1.6     1.7    -0.8    -0.7              3.4520850593758627
1.7     1.8    -0.8    -0.7              3.675119441381845
1.8     1.9    -0.8    -0.7              3.7243947858473
1.9     2.0    -0.8    -0.7              4.011553273427471
2.0     2.1    -0.8    -0.7              3.802570537683474
2.1     2.2    -0.8    -0.7              3.8735667802912923
2.2     2.3    -0.8    -0.7              3.654703603537753
2.3     2.4    -0.8    -0.7              3.924954863019075
2.4     2.5    -0.8    -0.7              4.241961482989734
0.0     0.1    -0.7    -0.6              2.262648203457326
0.1     0.2    -0.7    -0.6              2.2675736961451247
0.2     0.3    -0.7    -0.6              2.2766596849103
0.3     0.4    -0.7    -0.6              2.3633957269805257
0.4     0.5    -0.7    -0.6              2.363842662632375
0.5     0.6    -0.7    -0.6              2.5835787733167983
0.6     0.7    -0.7    -0.6              2.5925541843824536
0.7     0.8    -0.7    -0.6              2.526528549772612
0.8     0.9    -0.7    -0.6              2.7540622418066647
0.9     1.0    -0.7    -0.6              2.878857669276831
1.0     1.1    -0.7    -0.6              2.712085050987199
1.1     1.2    -0.7    -0.6              2.8920122621319915
1.2     1.3    -0.7    -0.6              3.097125867195243
1.3     1.4    -0.7    -0.6              3.189792663476874
1.4     1.5    -0.7    -0.6              3.309943068979214
1.5     1.6    -0.7    -0.6              3.369045212586753
1.6     1.7    -0.7    -0.6              3.311039004039468
1.7     1.8    -0.7    -0.6              3.213780691605605
1.8     1.9    -0.7    -0.6              3.402286336418073
1.9     2.0    -0.7    -0.6              3.1450496917851303
2.0     2.1    -0.7    -0.6              3.4594893793676054
2.1     2.2    -0.7    -0.6              3.338675213675214
2.2     2.3    -0.7    -0.6              3.4647633566627403
2.3     2.4    -0.7    -0.6              3.369953494641774
2.4     2.5    -0.7    -0.6              3.5811488325454803
0.0     0.1    -0.6    -0.5              2.2838350157584615
0.1     0.2    -0.6    -0.5              2.216705089554886
0.2     0.3    -0.6    -0.5              2.3366669782222638
0.3     0.4    -0.6    -0.5              2.282896539128847
0.4     0.5    -0.6    -0.5              2.395094845755892
0.5     0.6    -0.6    -0.5              2.457727093983484
0.6     0.7    -0.6    -0.5              2.587456013247775
0.7     0.8    -0.6    -0.5              2.549329526334574
0.8     0.9    -0.6    -0.5              2.781795927450762
0.9     1.0    -0.6    -0.5              2.7298536798427606
1.0     1.1    -0.6    -0.5              2.74092752987611
1.1     1.2    -0.6    -0.5              2.8768699654775602
1.2     1.3    -0.6    -0.5              2.898214699744957
1.3     1.4    -0.6    -0.5              2.903769092281782
1.4     1.5    -0.6    -0.5              3.018776791644026
1.5     1.6    -0.6    -0.5              3.1875557822261893
1.6     1.7    -0.6    -0.5              3.238551719670963
1.7     1.8    -0.6    -0.5              3.268187463232891
1.8     1.9    -0.6    -0.5              3.2658393207054215
1.9     2.0    -0.6    -0.5              3.1565656565656566
2.0     2.1    -0.6    -0.5              3.3306687982946976
2.1     2.2    -0.6    -0.5              2.9940119760479043
2.2     2.3    -0.6    -0.5              3.281055187348251
2.3     2.4    -0.6    -0.5              3.0875632950475485
2.4     2.5    -0.6    -0.5              3.3235841531507577
0.0     0.1    -0.5    -0.4              2.226179875333927
0.1     0.2    -0.5    -0.4              2.2701475595913734
0.2     0.3    -0.5    -0.4              2.3583793217301072
0.3     0.4    -0.5    -0.4              2.383903880995518
0.4     0.5    -0.5    -0.4              2.456761006289308
0.5     0.6    -0.5    -0.4              2.487809732311673
0.6     0.7    -0.5    -0.4              2.6184865147944487
0.7     0.8    -0.5    -0.4              2.6638252530633992
0.8     0.9    -0.5    -0.4              2.5288286465709082
0.9     1.0    -0.5    -0.4              2.6508323613614673
1.0     1.1    -0.5    -0.4              2.736127831892306
1.1     1.2    -0.5    -0.4              2.6595744680851063
1.2     1.3    -0.5    -0.4              2.7392757354955353
1.3     1.4    -0.5    -0.4              2.8640164967350215
1.4     1.5    -0.5    -0.4              2.8694404591104736
1.5     1.6    -0.5    -0.4              2.805521265851195
1.6     1.7    -0.5    -0.4              3.069179301454791
1.7     1.8    -0.5    -0.4              2.8697698444584745
1.8     1.9    -0.5    -0.4              3.1160413810295404
1.9     2.0    -0.5    -0.4              2.8599210661785737
2.0     2.1    -0.5    -0.4              3.181268689953553
2.1     2.2    -0.5    -0.4              3.0008402352658745
2.2     2.3    -0.5    -0.4              3.0586651985073714
2.3     2.4    -0.5    -0.4              2.9866794098321487
2.4     2.5    -0.5    -0.4              3.6611261624075566
0.0     0.1    -0.4    -0.3              2.2541815066949193
0.1     0.2    -0.4    -0.3              2.243661655822302
0.2     0.3    -0.4    -0.3              2.307230861520004
0.3     0.4    -0.4    -0.3              2.372817008352316
0.4     0.5    -0.4    -0.3              2.3750712521375643
0.5     0.6    -0.4    -0.3              2.418613650655444
0.6     0.7    -0.4    -0.3              2.482498386376049
0.7     0.8    -0.4    -0.3              2.5763899623847064
0.8     0.9    -0.4    -0.3              2.6693716299183174
0.9     1.0    -0.4    -0.3              2.766557848724617
1.0     1.1    -0.4    -0.3              2.7145881969705195
1.1     1.2    -0.4    -0.3              2.681971785656815
1.2     1.3    -0.4    -0.3              2.7558838119384887
1.3     1.4    -0.4    -0.3              2.7831895352073475
1.4     1.5    -0.4    -0.3              2.795169946332737
1.5     1.6    -0.4    -0.3              2.877035502618102
1.6     1.7    -0.4    -0.3              3.0480370641306997
1.7     1.8    -0.4    -0.3              2.9881073328153946
1.8     1.9    -0.4    -0.3              3.079576250307958
1.9     2.0    -0.4    -0.3              2.7682427195216475
2.0     2.1    -0.4    -0.3              3.0763551344367195
2.1     2.2    -0.4    -0.3              2.8306159420289854
2.2     2.3    -0.4    -0.3              2.8600846585058917
2.3     2.4    -0.4    -0.3              3.2216494845360826
2.4     2.5    -0.4    -0.3              3.0883261272390365
0.0     0.1    -0.3    -0.2              2.2270722907665585
0.1     0.2    -0.3    -0.2              2.2694262890341323
0.2     0.3    -0.3    -0.2              2.287387346173201
0.3     0.4    -0.3    -0.2              2.34192037470726
0.4     0.5    -0.3    -0.2              2.3631723225257586
0.5     0.6    -0.3    -0.2              2.522195318805488
0.6     0.7    -0.3    -0.2              2.6111024074364195
0.7     0.8    -0.3    -0.2              2.4931438544003988
0.8     0.9    -0.3    -0.2              2.449059561128527
0.9     1.0    -0.3    -0.2              2.5311329351017515
1.0     1.1    -0.3    -0.2              2.53434031121699
1.1     1.2    -0.3    -0.2              2.4374786720616193
1.2     1.3    -0.3    -0.2              2.6563247091324445
1.3     1.4    -0.3    -0.2              2.7848947309791687
1.4     1.5    -0.3    -0.2              2.742882220637446
1.5     1.6    -0.3    -0.2              2.9068077437358295
1.6     1.7    -0.3    -0.2              2.64648282432647
1.7     1.8    -0.3    -0.2              2.8486782133090247
1.8     1.9    -0.3    -0.2              2.807884539787724
1.9     2.0    -0.3    -0.2              2.9722981809535134
2.0     2.1    -0.3    -0.2              2.890841813135985
2.1     2.2    -0.3    -0.2              2.8433323855558714
2.2     2.3    -0.3    -0.2              2.9680636352843406
2.3     2.4    -0.3    -0.2              2.8339851499178144
2.4     2.5    -0.3    -0.2              3.387992952974658
0.0     0.1    -0.2    -0.1              2.2573363431151243
0.1     0.2    -0.2    -0.1              2.265313519391084
0.2     0.3    -0.2    -0.1              2.1874179718260565
0.3     0.4    -0.2    -0.1              2.487562189054726
0.4     0.5    -0.2    -0.1              2.3506182125899113
0.5     0.6    -0.2    -0.1              2.4715768660405337
0.6     0.7    -0.2    -0.1              2.362613996125313
0.7     0.8    -0.2    -0.1              2.4828682093554475
0.8     0.9    -0.2    -0.1              2.531901964755925
0.9     1.0    -0.2    -0.1              2.635740643120717
1.0     1.1    -0.2    -0.1              2.4873146950552183
1.1     1.2    -0.2    -0.1              2.615199539724881
1.2     1.3    -0.2    -0.1              2.7340332458442695
1.3     1.4    -0.2    -0.1              2.698472664471909
1.4     1.5    -0.2    -0.1              2.7676298018377063
1.5     1.6    -0.2    -0.1              2.8666437335167982
1.6     1.7    -0.2    -0.1              2.9650714582221434
1.7     1.8    -0.2    -0.1              2.5783828382838285
1.8     1.9    -0.2    -0.1              2.883506343713956
1.9     2.0    -0.2    -0.1              2.910022116168083
2.0     2.1    -0.2    -0.1              2.9608574643216676
2.1     2.2    -0.2    -0.1              2.742882220637446
2.2     2.3    -0.2    -0.1              3.103277060575968
2.3     2.4    -0.2    -0.1              2.8968713789107765
2.4     2.5    -0.2    -0.1              3.4717400361060964
0.0     0.1    -0.1    0.0               2.1714583514288197
0.1     0.2    -0.1    0.0               2.2262789972839396
0.2     0.3    -0.1    0.0               2.357156326607581
0.3     0.4    -0.1    0.0               2.2365360529611737
0.4     0.5    -0.1    0.0               2.311711128577373
0.5     0.6    -0.1    0.0               2.343566908835247
0.6     0.7    -0.1    0.0               2.6068821689259645
0.7     0.8    -0.1    0.0               2.4982512241431
0.8     0.9    -0.1    0.0               2.403730589875487
0.9     1.0    -0.1    0.0               2.5713551041398817
1.0     1.1    -0.1    0.0               2.6611315131193782
1.1     1.2    -0.1    0.0               2.7566435108611755
1.2     1.3    -0.1    0.0               2.677232812165346
1.3     1.4    -0.1    0.0               2.7002214181562887
1.4     1.5    -0.1    0.0               2.773463501220324
1.5     1.6    -0.1    0.0               2.8012773824864134
1.6     1.7    -0.1    0.0               2.9168125072920312
1.7     1.8    -0.1    0.0               2.8019052956010086
1.8     1.9    -0.1    0.0               2.6295030239284776
1.9     2.0    -0.1    0.0               2.897542883634678
2.0     2.1    -0.1    0.0               2.8758771425284713
2.1     2.2    -0.1    0.0               2.9493305019760516
2.2     2.3    -0.1    0.0               2.8061510831743184
2.3     2.4    -0.1    0.0               2.8725726760887054
2.4     2.5    -0.1    0.0               3.341575887188398
0.0     0.1    0.0    0.1                2.285505325227408
0.1     0.2    0.0    0.1                2.273037232349866
0.2     0.3    0.0    0.1                2.2565213466919394
0.3     0.4    0.0    0.1                2.313315443693902
0.4     0.5    0.0    0.1                2.3444460074084494
0.5     0.6    0.0    0.1                2.4108003857280615
0.6     0.7    0.0    0.1                2.3625023625023625
0.7     0.8    0.0    0.1                2.444987775061125
0.8     0.9    0.0    0.1                2.5786487880350695
0.9     1.0    0.0    0.1                2.533954996959254
1.0     1.1    0.0    0.1                2.629088232201073
1.1     1.2    0.0    0.1                2.5056376847907793
1.2     1.3    0.0    0.1                2.6197212616577596
1.3     1.4    0.0    0.1                2.6932399676811203
1.4     1.5    0.0    0.1                2.5867866935692483
1.5     1.6    0.0    0.1                2.9508970727101036
1.6     1.7    0.0    0.1                2.7448397013614407
1.7     1.8    0.0    0.1                2.8618854101081794
1.8     1.9    0.0    0.1                2.791580592931718
1.9     2.0    0.0    0.1                2.8641805579423725
2.0     2.1    0.0    0.1                2.9938327046284656
2.1     2.2    0.0    0.1                2.92107261786528
2.2     2.3    0.0    0.1                2.927571871889455
2.3     2.4    0.0    0.1                2.8833400611268094
2.4     2.5    0.0    0.1                3.589375448671931
0.0     0.1    0.1    0.2                2.2770744147918753
0.1     0.2    0.1    0.2                2.221235006663705
0.2     0.3    0.1    0.2                2.357156326607581
0.3     0.4    0.1    0.2                2.2816464360682667
0.4     0.5    0.1    0.2                2.43605359317905
0.5     0.6    0.1    0.2                2.454951637452742
0.6     0.7    0.1    0.2                2.4919013207077
0.7     0.8    0.1    0.2                2.479789713832267
0.8     0.9    0.1    0.2                2.6238455079764904
0.9     1.0    0.1    0.2                2.618349392542941
1.0     1.1    0.1    0.2                2.6336581511719777
1.1     1.2    0.1    0.2                2.735229759299781
1.2     1.3    0.1    0.2                2.678380115706021
1.3     1.4    0.1    0.2                2.5959192149940296
1.4     1.5    0.1    0.2                2.843494085532302
1.5     1.6    0.1    0.2                2.7000756021168595
1.6     1.7    0.1    0.2                2.895193977996526
1.7     1.8    0.1    0.2                2.7987685418415897
1.8     1.9    0.1    0.2                2.6679472813617204
1.9     2.0    0.1    0.2                2.708705780378135
2.0     2.1    0.1    0.2                3.0575429584785665
2.1     2.2    0.1    0.2                2.9404845918607383
2.2     2.3    0.1    0.2                2.996344459759094
2.3     2.4    0.1    0.2                3.1210986267166043
2.4     2.5    0.1    0.2                3.3692722371967654
0.0     0.1    0.2    0.3                2.2875966509585033
0.1     0.2    0.2    0.3                2.265313519391084
0.2     0.3    0.2    0.3                2.288015375463323
0.3     0.4    0.2    0.3                2.3011782032400587
0.4     0.5    0.2    0.3                2.4108003857280615
0.5     0.6    0.2    0.3                2.430842530020905
0.6     0.7    0.2    0.3                2.3369946249123625
0.7     0.8    0.2    0.3                2.572678157962439
0.8     0.9    0.2    0.3                2.5270393207318307
0.9     1.0    0.2    0.3                2.6156099602427285
1.0     1.1    0.2    0.3                2.429661305214053
1.1     1.2    0.2    0.3                2.6719392935392507
1.2     1.3    0.2    0.3                2.7334353815875794
1.3     1.4    0.2    0.3                2.6954177897574123
1.4     1.5    0.2    0.3                2.588661661920787
1.5     1.6    0.2    0.3                2.7997088302816504
1.6     1.7    0.2    0.3                2.90056851142824
1.7     1.8    0.2    0.3                2.849002849002849
1.8     1.9    0.2    0.3                2.977076510866329
1.9     2.0    0.2    0.3                3.0218783996132
2.0     2.1    0.2    0.3                3.087753967763849
2.1     2.2    0.2    0.3                3.097125867195243
2.2     2.3    0.2    0.3                3.0547409579667644
2.3     2.4    0.2    0.3                2.8519279032626055
2.4     2.5    0.2    0.3                3.3747300215982725
0.0     0.1    0.3    0.4                2.2575401842152787
0.1     0.2    0.3    0.4                2.290635880520432
0.2     0.3    0.3    0.4                2.3120318135577547
0.3     0.4    0.3    0.4                2.363060636135923
0.4     0.5    0.3    0.4                2.5119316754584275
0.5     0.6    0.3    0.4                2.543752543752544
0.6     0.7    0.3    0.4                2.490535963339311
0.7     0.8    0.3    0.4                2.5460841226194115
0.8     0.9    0.3    0.4                2.598482486228043
0.9     1.0    0.3    0.4                2.718868950516585
1.0     1.1    0.3    0.4                2.618897967735177
1.1     1.2    0.3    0.4                2.722273642946589
1.2     1.3    0.3    0.4                2.857959416976279
1.3     1.4    0.3    0.4                2.667804930103511
1.4     1.5    0.3    0.4                2.9904306220095696
1.5     1.6    0.3    0.4                2.8009635314548205
1.6     1.7    0.3    0.4                2.946375957572186
1.7     1.8    0.3    0.4                3.038220817889044
1.8     1.9    0.3    0.4                2.916132042458883
1.9     2.0    0.3    0.4                2.890006358013988
2.0     2.1    0.3    0.4                2.7645692801061594
2.1     2.2    0.3    0.4                3.1502016129032255
2.2     2.3    0.3    0.4                2.8776978417266186
2.3     2.4    0.3    0.4                3.001020346917952
2.4     2.5    0.3    0.4                3.4478003034064266
0.0     0.1    0.4    0.5                2.195196909162752
0.1     0.2    0.4    0.5                2.223506915106506
0.2     0.3    0.4    0.5                2.3401666198633344
0.3     0.4    0.4    0.5                2.316423442205235
0.4     0.5    0.4    0.5                2.351613206659769
0.5     0.6    0.4    0.5                2.4807740014884643
0.6     0.7    0.4    0.5                2.5581990278843696
0.7     0.8    0.4    0.5                2.551671344730799
0.8     0.9    0.4    0.5                2.617252931323283
0.9     1.0    0.4    0.5                2.7601435274634283
1.0     1.1    0.4    0.5                2.6636833413243837
1.1     1.2    0.4    0.5                2.6415891800507185
1.2     1.3    0.4    0.5                2.8615578320837867
1.3     1.4    0.4    0.5                2.7788584449508145
1.4     1.5    0.4    0.5                2.8618854101081794
1.5     1.6    0.4    0.5                2.8302954828484097
1.6     1.7    0.4    0.5                2.9886431560071727
1.7     1.8    0.4    0.5                2.876042565429968
1.8     1.9    0.4    0.5                3.0384054448225575
1.9     2.0    0.4    0.5                3.1246094238220223
2.0     2.1    0.4    0.5                3.0564215416590255
2.1     2.2    0.4    0.5                3.0807147258163896
2.2     2.3    0.4    0.5                3.1464350890441133
2.3     2.4    0.4    0.5                2.7751567963589943
2.4     2.5    0.4    0.5                3.2156408772268312
0.0     0.1    0.5    0.6                2.228461915585863
0.1     0.2    0.5    0.6                2.3013900395839086
0.2     0.3    0.5    0.6                2.1950041705079237
0.3     0.4    0.5    0.6                2.4125452352231602
0.4     0.5    0.5    0.6                2.3905144387072097
0.5     0.6    0.5    0.6                2.402344688415894
0.6     0.7    0.5    0.6                2.7038719446247024
0.7     0.8    0.5    0.6                2.7116437984706327
0.8     0.9    0.5    0.6                2.6427061310782243
0.9     1.0    0.5    0.6                2.858939905083195
1.0     1.1    0.5    0.6                2.910869185538802
1.1     1.2    0.5    0.6                2.86221306314042
1.2     1.3    0.5    0.6                2.8990549080999592
1.3     1.4    0.5    0.6                3.1959092361776924
1.4     1.5    0.5    0.6                3.013863773357444
1.5     1.6    0.5    0.6                3.096166945321692
1.6     1.7    0.5    0.6                3.0721966205837172
1.7     1.8    0.5    0.6                3.127345509131849
1.8     1.9    0.5    0.6                3.2896901111915255
1.9     2.0    0.5    0.6                3.071064430931761
2.0     2.1    0.5    0.6                3.0469226081657528
2.1     2.2    0.5    0.6                3.2006145179874537
2.2     2.3    0.5    0.6                3.128128128128128
2.3     2.4    0.5    0.6                3.287527122098757
2.4     2.5    0.5    0.6                3.6990456462232744
0.0     0.1    0.6    0.7                2.1791239921551537
0.1     0.2    0.6    0.7                2.276348736626451
0.2     0.3    0.6    0.7                2.288120080541827
0.3     0.4    0.6    0.7                2.3062730627306274
0.4     0.5    0.6    0.7                2.4754926230319834
0.5     0.6    0.6    0.7                2.4324981756263684
0.6     0.7    0.6    0.7                2.4550721791220664
0.7     0.8    0.6    0.7                2.575593674341936
0.8     0.9    0.6    0.7                2.7570995312930795
0.9     1.0    0.6    0.7                2.8496523424142257
1.0     1.1    0.6    0.7                2.932895354293759
1.1     1.2    0.6    0.7                3.1750063500127
1.2     1.3    0.6    0.7                3.123828564288392
1.3     1.4    0.6    0.7                3.0084235860409145
1.4     1.5    0.6    0.7                3.3353345340537657
1.5     1.6    0.6    0.7                3.3304469459801505
1.6     1.7    0.6    0.7                3.3611185802635117
1.7     1.8    0.6    0.7                3.4547087680508533
1.8     1.9    0.6    0.7                3.477293274914806
1.9     2.0    0.6    0.7                3.3838657282079048
2.0     2.1    0.6    0.7                3.4485136905993516
2.1     2.2    0.6    0.7                3.401591945030274
2.2     2.3    0.6    0.7                3.5285815102328866
2.3     2.4    0.6    0.7                3.4482758620689653
2.4     2.5    0.6    0.7                3.8261401897765537
0.0     0.1    0.7    0.8                2.2692202959063263
0.1     0.2    0.7    0.8                2.208480565371025
0.2     0.3    0.7    0.8                2.321586107628732
0.3     0.4    0.7    0.8                2.3387436269236166
0.4     0.5    0.7    0.8                2.5261456070327895
0.5     0.6    0.7    0.8                2.5157232704402515
0.6     0.7    0.7    0.8                2.6130128037627385
0.7     0.8    0.7    0.8                2.664535038635758
0.8     0.9    0.7    0.8                2.7021184608733244
0.9     1.0    0.7    0.8                2.927571871889455
1.0     1.1    0.7    0.8                2.9613835583984836
1.1     1.2    0.7    0.8                3.174200101574403
1.2     1.3    0.7    0.8                3.363832077502691
1.3     1.4    0.7    0.8                3.2199896960329726
1.4     1.5    0.7    0.8                3.4106412005457027
1.5     1.6    0.7    0.8                3.791900500530866
1.6     1.7    0.7    0.8                3.862495171881035
1.7     1.8    0.7    0.8                3.87506781368674
1.8     1.9    0.7    0.8                3.9203387172651714
1.9     2.0    0.7    0.8                3.8684719535783367
2.0     2.1    0.7    0.8                3.6171598061202346
2.1     2.2    0.7    0.8                3.7568562626793898
2.2     2.3    0.7    0.8                3.8083631655114627
2.3     2.4    0.7    0.8                3.8488184127472866
2.4     2.5    0.7    0.8                3.972983710766786
0.0     0.1    0.8    0.9                2.203905320227443
0.1     0.2    0.8    0.9                2.2419513944937677
0.2     0.3    0.8    0.9                2.212878955521133
0.3     0.4    0.8    0.9                2.3482998309224126
0.4     0.5    0.8    0.9                2.409754686972866
0.5     0.6    0.8    0.9                2.3559345992555243
0.6     0.7    0.8    0.9                2.657030502710171
0.7     0.8    0.8    0.9                2.8277344191833502
0.8     0.9    0.8    0.9                2.905287623474724
0.9     1.0    0.8    0.9                2.965599051008304
1.0     1.1    0.8    0.9                3.318510652419194
1.1     1.2    0.8    0.9                3.4508937814894054
1.2     1.3    0.8    0.9                3.6892200988710986
1.3     1.4    0.8    0.9                3.8949910415206044
1.4     1.5    0.8    0.9                3.9410420115078426
1.5     1.6    0.8    0.9                4.241601628775026
1.6     1.7    0.8    0.9                4.682086337672066
1.7     1.8    0.8    0.9                4.740235115661737
1.8     1.9    0.8    0.9                5.04266091130968
1.9     2.0    0.8    0.9                4.6720239207624745
2.0     2.1    0.8    0.9                4.562876437306078
2.1     2.2    0.8    0.9                5.057299199935267
2.2     2.3    0.8    0.9                4.879000780640125
2.3     2.4    0.8    0.9                5.067499087850164
2.4     2.5    0.8    0.9                5.668355836706005
0.0     0.1    0.9    1.0                2.1657209685104175
0.1     0.2    0.9    1.0                2.351281448389372
0.2     0.3    0.9    1.0                2.2064339614315345
0.3     0.4    0.9    1.0                2.408245833734708
0.4     0.5    0.9    1.0                2.43842965130456
0.5     0.6    0.9    1.0                2.651535238903325
0.6     0.7    0.9    1.0                2.6267402153926978
0.7     0.8    0.9    1.0                2.785049852392358
0.8     0.9    0.9    1.0                2.7745408134953666
0.9     1.0    0.9    1.0                3.0336124256764956
1.0     1.1    0.9    1.0                3.3308906801678773
1.1     1.2    0.9    1.0                3.6342491641226924
1.2     1.3    0.9    1.0                4.026737537247322
1.3     1.4    0.9    1.0                4.384811014645269
1.4     1.5    0.9    1.0                4.984051036682615
1.5     1.6    0.9    1.0                4.993508439029262
1.6     1.7    0.9    1.0                5.488534451530752
1.7     1.8    0.9    1.0                5.576933801795773
1.8     1.9    0.9    1.0                6.713752450519644
1.9     2.0    0.9    1.0                6.308033911990311
2.0     2.1    0.9    1.0                6.825472663981981
2.1     2.2    0.9    1.0                7.871164774963399
2.2     2.3    0.9    1.0                8.425309630128906
2.3     2.4    0.9    1.0                10.125351855976994
2.4     2.5    0.9    1.0                11.193445118538584
