0.0     0.1    -1.0    -0.9           1.861920011916288
0.1     0.2    -1.0    -0.9           1.9148284313725492
0.2     0.3    -1.0    -0.9           1.9200491532583235
0.3     0.4    -1.0    -0.9           2.056597564988483
0.4     0.5    -1.0    -0.9           2.1726850041281014
0.5     0.6    -1.0    -0.9           2.2924212553298795
0.6     0.7    -1.0    -0.9           2.4256537136758354
0.7     0.8    -1.0    -0.9           2.6217817628860574
0.8     0.9    -1.0    -0.9           2.722866633992267
0.9     1.0    -1.0    -0.9           2.8130977832789466
1.0     1.1    -1.0    -0.9           2.924489676551442
1.1     1.2    -1.0    -0.9           2.8781947962238084
1.2     1.3    -1.0    -0.9           2.9375477351506962
1.3     1.4    -1.0    -0.9           3.057355998532469
1.4     1.5    -1.0    -0.9           2.9954469206805654
1.5     1.6    -1.0    -0.9           3.1009675018605805
1.6     1.7    -1.0    -0.9           3.0330603579011224
1.7     1.8    -1.0    -0.9           3.121488325633662
1.8     1.9    -1.0    -0.9           3.1707781089479354
1.9     2.0    -1.0    -0.9           3.3149903865278794
2.0     2.1    -1.0    -0.9           3.2535137948984905
2.1     2.2    -1.0    -0.9           3.299458888742246
2.2     2.3    -1.0    -0.9           3.370407819346141
2.3     2.4    -1.0    -0.9           3.5539128580567203
2.4     2.5    -1.0    -0.9           3.819126183929117
0.0     0.1    -0.9    -0.8           1.8948006669698347
0.1     0.2    -0.9    -0.8           1.8899304505594194
0.2     0.3    -0.9    -0.8           1.9823177258851048
0.3     0.4    -0.9    -0.8           2.0815120103242997
0.4     0.5    -0.9    -0.8           2.2062392445836823
0.5     0.6    -0.9    -0.8           2.3625023625023625
0.6     0.7    -0.9    -0.8           2.4920255183413076
0.7     0.8    -0.9    -0.8           2.514711059699241
0.8     0.9    -0.9    -0.8           2.6929498572736574
0.9     1.0    -0.9    -0.8           2.7549727257700147
1.0     1.1    -0.9    -0.8           2.7386755764912087
1.1     1.2    -0.9    -0.8           2.698909640505236
1.2     1.3    -0.9    -0.8           2.7027027027027026
1.3     1.4    -0.9    -0.8           2.688750268875027
1.4     1.5    -0.9    -0.8           2.53665465983461
1.5     1.6    -0.9    -0.8           2.5914792163366847
1.6     1.7    -0.9    -0.8           2.632410234810993
1.7     1.8    -0.9    -0.8           2.574135090609555
1.8     1.9    -0.9    -0.8           2.5986175354711296
1.9     2.0    -0.9    -0.8           2.5246149962130775
2.0     2.1    -0.9    -0.8           2.568977033345322
2.1     2.2    -0.9    -0.8           2.638104785522081
2.2     2.3    -0.9    -0.8           2.5941683096399295
2.3     2.4    -0.9    -0.8           2.6009155222638367
2.4     2.5    -0.9    -0.8           2.9183447148777213
0.0     0.1    -0.8    -0.7           1.8917896329928112
0.1     0.2    -0.8    -0.7           1.9154152620288079
0.2     0.3    -0.8    -0.7           2.0135309278350517
0.3     0.4    -0.8    -0.7           2.0862018608920603
0.4     0.5    -0.8    -0.7           2.1496130696474633
0.5     0.6    -0.8    -0.7           2.332089552238806
0.6     0.7    -0.8    -0.7           2.4839783397088775
0.7     0.8    -0.8    -0.7           2.5778511033202722
0.8     0.9    -0.8    -0.7           2.671082856990224
0.9     1.0    -0.8    -0.7           2.585181738276201
1.0     1.1    -0.8    -0.7           2.616978959489166
1.1     1.2    -0.8    -0.7           2.58718824381662
1.2     1.3    -0.8    -0.7           2.628120893561104
1.3     1.4    -0.8    -0.7           2.5157232704402515
1.4     1.5    -0.8    -0.7           2.5061400431056087
1.5     1.6    -0.8    -0.7           2.4566402987274603
1.6     1.7    -0.8    -0.7           2.4010756819054935
1.7     1.8    -0.8    -0.7           2.3335044569935133
1.8     1.9    -0.8    -0.7           2.3056349718712537
1.9     2.0    -0.8    -0.7           2.3559345992555243
2.0     2.1    -0.8    -0.7           2.285923284414575
2.1     2.2    -0.8    -0.7           2.3275300251373245
2.2     2.3    -0.8    -0.7           2.2715914769887786
2.3     2.4    -0.8    -0.7           2.258661968649772
2.4     2.5    -0.8    -0.7           2.575859048992839
0.0     0.1    -0.7    -0.6           1.8530872433474168
0.1     0.2    -0.7    -0.6           1.864071878611639
0.2     0.3    -0.7    -0.6           1.9776134161294148
0.3     0.4    -0.7    -0.6           2.1176570242683495
0.4     0.5    -0.7    -0.6           2.2323421734083397
0.5     0.6    -0.7    -0.6           2.3501762632197414
0.6     0.7    -0.7    -0.6           2.541683611224075
0.7     0.8    -0.7    -0.6           2.6017275470912686
0.8     0.9    -0.7    -0.6           2.6130128037627385
0.9     1.0    -0.7    -0.6           2.5999688003743957
1.0     1.1    -0.7    -0.6           2.557544757033248
1.1     1.2    -0.7    -0.6           2.511679308785854
1.2     1.3    -0.7    -0.6           2.565944780868316
1.3     1.4    -0.7    -0.6           2.426477724934485
1.4     1.5    -0.7    -0.6           2.3780081803481403
1.5     1.6    -0.7    -0.6           2.320293285071233
1.6     1.7    -0.7    -0.6           2.318464249281276
1.7     1.8    -0.7    -0.6           2.270663033605813
1.8     1.9    -0.7    -0.6           2.3095755000230955
1.9     2.0    -0.7    -0.6           2.19693308141834
2.0     2.1    -0.7    -0.6           2.2300521832210873
2.1     2.2    -0.7    -0.6           2.234736748011084
2.2     2.3    -0.7    -0.6           2.136386942403008
2.3     2.4    -0.7    -0.6           2.132650885050117
2.4     2.5    -0.7    -0.6           2.4390243902439024
0.0     0.1    -0.6    -0.5           1.874625074985003
0.1     0.2    -0.6    -0.5           1.9452982142162392
0.2     0.3    -0.6    -0.5           1.9502301271550042
0.3     0.4    -0.6    -0.5           2.084723148765844
0.4     0.5    -0.6    -0.5           2.1733460836303573
0.5     0.6    -0.6    -0.5           2.3413720440177945
0.6     0.7    -0.6    -0.5           2.5287007535528248
0.7     0.8    -0.6    -0.5           2.654773282361686
0.8     0.9    -0.6    -0.5           2.64298551643937
0.9     1.0    -0.6    -0.5           2.533698185872099
1.0     1.1    -0.6    -0.5           2.5933609958506225
1.1     1.2    -0.6    -0.5           2.481759070829404
1.2     1.3    -0.6    -0.5           2.4262422360248443
1.3     1.4    -0.6    -0.5           2.4397384600370837
1.4     1.5    -0.6    -0.5           2.3071244001476563
1.5     1.6    -0.6    -0.5           2.3219095384043835
1.6     1.7    -0.6    -0.5           2.3197550338684234
1.7     1.8    -0.6    -0.5           2.2423535743115974
1.8     1.9    -0.6    -0.5           2.2844610956275417
1.9     2.0    -0.6    -0.5           2.2179834094840967
2.0     2.1    -0.6    -0.5           2.180454406698356
2.1     2.2    -0.6    -0.5           2.2081879609592368
2.2     2.3    -0.6    -0.5           2.1507226428079833
2.3     2.4    -0.6    -0.5           2.1491510853212983
2.4     2.5    -0.6    -0.5           2.430251774083795
0.0     0.1    -0.5    -0.4           1.9210081450745349
0.1     0.2    -0.5    -0.4           1.9283427822129662
0.2     0.3    -0.5    -0.4           2.033760423022168
0.3     0.4    -0.5    -0.4           2.180454406698356
0.4     0.5    -0.5    -0.4           2.203322610496629
0.5     0.6    -0.5    -0.4           2.360271903323263
0.6     0.7    -0.5    -0.4           2.4399765762248684
0.7     0.8    -0.5    -0.4           2.625912504595347
0.8     0.9    -0.5    -0.4           2.5121840928503243
0.9     1.0    -0.5    -0.4           2.543881963876876
1.0     1.1    -0.5    -0.4           2.514837541494819
1.1     1.2    -0.5    -0.4           2.47255464345762
1.2     1.3    -0.5    -0.4           2.4669429642786658
1.3     1.4    -0.5    -0.4           2.362279126901635
1.4     1.5    -0.5    -0.4           2.3496240601503757
1.5     1.6    -0.5    -0.4           2.321370537165142
1.6     1.7    -0.5    -0.4           2.244971264367816
1.7     1.8    -0.5    -0.4           2.2409465758336324
1.8     1.9    -0.5    -0.4           2.2475950732715995
1.9     2.0    -0.5    -0.4           2.2048771883406095
2.0     2.1    -0.5    -0.4           2.1946187947153577
2.1     2.2    -0.5    -0.4           2.1810250817884405
2.2     2.3    -0.5    -0.4           2.1915406530791146
2.3     2.4    -0.5    -0.4           2.1442662320953767
2.4     2.5    -0.5    -0.4           2.4455857177794083
0.0     0.1    -0.4    -0.3           1.8539804961251807
0.1     0.2    -0.4    -0.3           1.9123384074045744
0.2     0.3    -0.4    -0.3           2.014179825974863
0.3     0.4    -0.4    -0.3           2.14795085488444
0.4     0.5    -0.4    -0.3           2.2782157014626145
0.5     0.6    -0.4    -0.3           2.390057361376673
0.6     0.7    -0.4    -0.3           2.417093686551291
0.7     0.8    -0.4    -0.3           2.536525974025974
0.8     0.9    -0.4    -0.3           2.5631824473266005
0.9     1.0    -0.4    -0.3           2.578249883978755
1.0     1.1    -0.4    -0.3           2.5391021734714605
1.1     1.2    -0.4    -0.3           2.4894199651481204
1.2     1.3    -0.4    -0.3           2.418379685610641
1.3     1.4    -0.4    -0.3           2.4392623670602007
1.4     1.5    -0.4    -0.3           2.359046945034206
1.5     1.6    -0.4    -0.3           2.2702506356701777
1.6     1.7    -0.4    -0.3           2.2334390494483407
1.7     1.8    -0.4    -0.3           2.2924212553298795
1.8     1.9    -0.4    -0.3           2.209066006892286
1.9     2.0    -0.4    -0.3           2.2593764121102575
2.0     2.1    -0.4    -0.3           2.2016732716864817
2.1     2.2    -0.4    -0.3           2.1735350373848026
2.2     2.3    -0.4    -0.3           2.158149171270718
2.3     2.4    -0.4    -0.3           2.143347050754458
2.4     2.5    -0.4    -0.3           2.408361832281682
0.0     0.1    -0.3    -0.2           1.8735011990407673
0.1     0.2    -0.3    -0.2           1.8895733343411059
0.2     0.3    -0.3    -0.2           2.0363280931823735
0.3     0.4    -0.3    -0.2           2.181786446742593
0.4     0.5    -0.3    -0.2           2.25022502250225
0.5     0.6    -0.3    -0.2           2.358045651763818
0.6     0.7    -0.3    -0.2           2.46633453361614
0.7     0.8    -0.3    -0.2           2.5164829634103376
0.8     0.9    -0.3    -0.2           2.6296413169243715
0.9     1.0    -0.3    -0.2           2.5639710784062357
1.0     1.1    -0.3    -0.2           2.4823751365306324
1.1     1.2    -0.3    -0.2           2.401998462720984
1.2     1.3    -0.3    -0.2           2.409058058299205
1.3     1.4    -0.3    -0.2           2.443912214673249
1.4     1.5    -0.3    -0.2           2.312994402553546
1.5     1.6    -0.3    -0.2           2.324284120490889
1.6     1.7    -0.3    -0.2           2.3387436269236166
1.7     1.8    -0.3    -0.2           2.299061982711054
1.8     1.9    -0.3    -0.2           2.244165170556553
1.9     2.0    -0.3    -0.2           2.2700444928720604
2.0     2.1    -0.3    -0.2           2.287073460799561
2.1     2.2    -0.3    -0.2           2.14813541845678
2.2     2.3    -0.3    -0.2           2.128837229105463
2.3     2.4    -0.3    -0.2           2.1052631578947367
2.4     2.5    -0.3    -0.2           2.4894199651481204
0.0     0.1    -0.2    -0.1           1.8617813523979745
0.1     0.2    -0.2    -0.1           1.9484821324188457
0.2     0.3    -0.2    -0.1           2.043318348998774
0.3     0.4    -0.2    -0.1           2.099605274208449
0.4     0.5    -0.2    -0.1           2.2141528651138076
0.5     0.6    -0.2    -0.1           2.331002331002331
0.6     0.7    -0.2    -0.1           2.4165095935430863
0.7     0.8    -0.2    -0.1           2.5295962764342814
0.8     0.9    -0.2    -0.1           2.5164829634103376
0.9     1.0    -0.2    -0.1           2.4466627520062634
1.0     1.1    -0.2    -0.1           2.491032283778398
1.1     1.2    -0.2    -0.1           2.4208385784835866
1.2     1.3    -0.2    -0.1           2.424477525093342
1.3     1.4    -0.2    -0.1           2.4110328864885715
1.4     1.5    -0.2    -0.1           2.495881795038187
1.5     1.6    -0.2    -0.1           2.3232041631818605
1.6     1.7    -0.2    -0.1           2.3308936646310197
1.7     1.8    -0.2    -0.1           2.288329519450801
1.8     1.9    -0.2    -0.1           2.287701317715959
1.9     2.0    -0.2    -0.1           2.2460805893715468
2.0     2.1    -0.2    -0.1           2.1743857360295715
2.1     2.2    -0.2    -0.1           2.256725040621051
2.2     2.3    -0.2    -0.1           2.134927412467976
2.3     2.4    -0.2    -0.1           2.1951005356045306
2.4     2.5    -0.2    -0.1           2.4800357125142605
0.0     0.1    -0.1    0.0            1.9071594766754398
0.1     0.2    -0.1    0.0            1.923520812495191
0.2     0.3    -0.1    0.0            2.004570420558874
0.3     0.4    -0.1    0.0            2.0517871065698223
0.4     0.5    -0.1    0.0            2.244668911335578
0.5     0.6    -0.1    0.0            2.4135933577910795
0.6     0.7    -0.1    0.0            2.449899554118281
0.7     0.8    -0.1    0.0            2.518384204694268
0.8     0.9    -0.1    0.0            2.5941683096399295
0.9     1.0    -0.1    0.0            2.4922739507526668
1.0     1.1    -0.1    0.0            2.425536043465606
1.1     1.2    -0.1    0.0            2.488428806051859
1.2     1.3    -0.1    0.0            2.468404423380727
1.3     1.4    -0.1    0.0            2.4022292687614106
1.4     1.5    -0.1    0.0            2.3875465571578647
1.5     1.6    -0.1    0.0            2.305209774089442
1.6     1.7    -0.1    0.0            2.258253918070548
1.7     1.8    -0.1    0.0            2.2998022170093373
1.8     1.9    -0.1    0.0            2.2976885253435047
1.9     2.0    -0.1    0.0            2.213564724632548
2.0     2.1    -0.1    0.0            2.183120115268742
2.1     2.2    -0.1    0.0            2.180644598543329
2.2     2.3    -0.1    0.0            2.210726444709732
2.3     2.4    -0.1    0.0            2.0705648500911047
2.4     2.5    -0.1    0.0            2.4833614780967515
0.0     0.1    0.0    0.1             1.8941546387847106
0.1     0.2    0.0    0.1             1.9391870927707104
0.2     0.3    0.0    0.1             1.9824749216922406
0.3     0.4    0.0    0.1             2.1650645189226636
0.4     0.5    0.0    0.1             2.23074863924333
0.5     0.6    0.0    0.1             2.3818597560975614
0.6     0.7    0.0    0.1             2.4588148512417014
0.7     0.8    0.0    0.1             2.4982512241431
0.8     0.9    0.0    0.1             2.4352230664328856
0.9     1.0    0.0    0.1             2.50400641025641
1.0     1.1    0.0    0.1             2.457485500835545
1.1     1.2    0.0    0.1             2.5538870160384106
1.2     1.3    0.0    0.1             2.4826216484607744
1.3     1.4    0.0    0.1             2.3572674555655087
1.4     1.5    0.0    0.1             2.3262305759746904
1.5     1.6    0.0    0.1             2.3489617589025653
1.6     1.7    0.0    0.1             2.2612156295224315
1.7     1.8    0.0    0.1             2.289167658639319
1.8     1.9    0.0    0.1             2.371691490370933
1.9     2.0    0.0    0.1             2.2241003514078557
2.0     2.1    0.0    0.1             2.196257577088641
2.1     2.2    0.0    0.1             2.2427558984480127
2.2     2.3    0.0    0.1             2.089252883168979
2.3     2.4    0.0    0.1             2.1150592216582065
2.4     2.5    0.0    0.1             2.5294683057621286
0.0     0.1    0.1    0.2             1.8461084034854527
0.1     0.2    0.1    0.2             1.970288056113804
0.2     0.3    0.1    0.2             1.9838908066500018
0.3     0.4    0.1    0.2             2.139952921035737
0.4     0.5    0.1    0.2             2.19760900140647
0.5     0.6    0.1    0.2             2.4025755610013935
0.6     0.7    0.1    0.2             2.4448682216028557
0.7     0.8    0.1    0.2             2.459177650993508
0.8     0.9    0.1    0.2             2.499000399840064
0.9     1.0    0.1    0.2             2.5511505689065768
1.0     1.1    0.1    0.2             2.4720656580638782
1.1     1.2    0.1    0.2             2.4842251701694242
1.2     1.3    0.1    0.2             2.433563710697946
1.3     1.4    0.1    0.2             2.3342670401493932
1.4     1.5    0.1    0.2             2.360049089021052
1.5     1.6    0.1    0.2             2.3986567522187574
1.6     1.7    0.1    0.2             2.324824475752081
1.7     1.8    0.1    0.2             2.2239025041142195
1.8     1.9    0.1    0.2             2.217589923271389
1.9     2.0    0.1    0.2             2.255605178869491
2.0     2.1    0.1    0.2             2.1676927078817307
2.1     2.2    0.1    0.2             2.2269730981649745
2.2     2.3    0.1    0.2             2.14096086323542
2.3     2.4    0.1    0.2             2.1448181194234732
2.4     2.5    0.1    0.2             2.4327348805527174
0.0     0.1    0.2    0.3             1.8930789035286992
0.1     0.2    0.2    0.3             1.93903668657411
0.2     0.3    0.2    0.3             1.924557351809084
0.3     0.4    0.2    0.3             2.0928383073123773
0.4     0.5    0.2    0.3             2.2756235208447118
0.5     0.6    0.2    0.3             2.3651844843897822
0.6     0.7    0.2    0.3             2.445226917057903
0.7     0.8    0.2    0.3             2.5411669038422446
0.8     0.9    0.2    0.3             2.5224498032489153
0.9     1.0    0.2    0.3             2.4784375929414098
1.0     1.1    0.2    0.3             2.477823479855295
1.1     1.2    0.2    0.3             2.519018590357197
1.2     1.3    0.2    0.3             2.4914046539438934
1.3     1.4    0.2    0.3             2.3641779753179817
1.4     1.5    0.2    0.3             2.2914757103574703
1.5     1.6    0.2    0.3             2.305103499147112
1.6     1.7    0.2    0.3             2.3091488477347246
1.7     1.8    0.2    0.3             2.2346368715083798
1.8     1.9    0.2    0.3             2.1995424951610065
1.9     2.0    0.2    0.3             2.2468880600368486
2.0     2.1    0.2    0.3             2.222024708914763
2.1     2.2    0.2    0.3             2.2129768965212
2.2     2.3    0.2    0.3             2.1460148504227647
2.3     2.4    0.2    0.3             2.133469875405359
2.4     2.5    0.2    0.3             2.5134469411350726
0.0     0.1    0.3    0.4             1.8912887241366267
0.1     0.2    0.3    0.4             1.927748004780815
0.2     0.3    0.3    0.4             2.0106160527585653
0.3     0.4    0.3    0.4             2.1274785124670244
0.4     0.5    0.3    0.4             2.2139567835635847
0.5     0.6    0.3    0.4             2.3219095384043835
0.6     0.7    0.3    0.4             2.419081716580386
0.7     0.8    0.3    0.4             2.5113008538422905
0.8     0.9    0.3    0.4             2.538715410002539
0.9     1.0    0.3    0.4             2.5548004700832867
1.0     1.1    0.3    0.4             2.5101661730006524
1.1     1.2    0.3    0.4             2.419081716580386
1.2     1.3    0.3    0.4             2.501626056937009
1.3     1.4    0.3    0.4             2.41721053903795
1.4     1.5    0.3    0.4             2.3263388079839946
1.5     1.6    0.3    0.4             2.2104332449160036
1.6     1.7    0.3    0.4             2.308722353049822
1.7     1.8    0.3    0.4             2.282896539128847
1.8     1.9    0.3    0.4             2.2415493589168833
1.9     2.0    0.3    0.4             2.1845508563439355
2.0     2.1    0.3    0.4             2.266134880348078
2.1     2.2    0.3    0.4             2.156566745740781
2.2     2.3    0.3    0.4             2.219657284915209
2.3     2.4    0.3    0.4             2.1060612442609834
2.4     2.5    0.3    0.4             2.4364097066562715
0.0     0.1    0.4    0.5             1.8937241980078021
0.1     0.2    0.4    0.5             1.916296182738004
0.2     0.3    0.4    0.5             1.989099733460636
0.3     0.4    0.4    0.5             2.099958000839983
0.4     0.5    0.4    0.5             2.2251891410769917
0.5     0.6    0.4    0.5             2.2745882995177875
0.6     0.7    0.4    0.5             2.4179118912906814
0.7     0.8    0.4    0.5             2.483854942871336
0.8     0.9    0.4    0.5             2.4997500249975
0.9     1.0    0.4    0.5             2.589466052100057
1.0     1.1    0.4    0.5             2.534211860111505
1.1     1.2    0.4    0.5             2.4378352023403216
1.2     1.3    0.4    0.5             2.4734108335394507
1.3     1.4    0.4    0.5             2.40639137549331
1.4     1.5    0.4    0.5             2.3583793217301072
1.5     1.6    0.4    0.5             2.283417819792666
1.6     1.7    0.4    0.5             2.2544864279917034
1.7     1.8    0.4    0.5             2.280605728881591
1.8     1.9    0.4    0.5             2.248100355199856
1.9     2.0    0.4    0.5             2.197802197802198
2.0     2.1    0.4    0.5             2.2161155925893095
2.1     2.2    0.4    0.5             2.102342008998024
2.2     2.3    0.4    0.5             2.1854102014948205
2.3     2.4    0.4    0.5             2.1945224719101124
2.4     2.5    0.4    0.5             2.44654303469198
0.0     0.1    0.5    0.6             1.9145351508653699
0.1     0.2    0.5    0.6             1.9670325347181241
0.2     0.3    0.5    0.6             1.999120387029707
0.3     0.4    0.5    0.6             2.0589688683907097
0.4     0.5    0.5    0.6             2.2330400607386895
0.5     0.6    0.5    0.6             2.3604947597016337
0.6     0.7    0.5    0.6             2.430251774083795
0.7     0.8    0.5    0.6             2.5545394165431974
0.8     0.9    0.5    0.6             2.618075191119489
0.9     1.0    0.5    0.6             2.573737581716168
1.0     1.1    0.5    0.6             2.630748184783753
1.1     1.2    0.5    0.6             2.4896678783050343
1.2     1.3    0.5    0.6             2.5058888387711122
1.3     1.4    0.5    0.6             2.384358607534573
1.4     1.5    0.5    0.6             2.3198626641302833
1.5     1.6    0.5    0.6             2.2600913076888305
1.6     1.7    0.5    0.6             2.304466055215007
1.7     1.8    0.5    0.6             2.2936831964769024
1.8     1.9    0.5    0.6             2.30361667818475
1.9     2.0    0.5    0.6             2.195196909162752
2.0     2.1    0.5    0.6             2.1380313007782434
2.1     2.2    0.5    0.6             2.1163125370354696
2.2     2.3    0.5    0.6             2.1231422505307855
2.3     2.4    0.5    0.6             2.1524818115286926
2.4     2.5    0.5    0.6             2.4306061931845804
0.0     0.1    0.6    0.7             1.876172607879925
0.1     0.2    0.6    0.7             1.8833101058420278
0.2     0.3    0.6    0.7             1.9727756954034326
0.3     0.4    0.6    0.7             2.080905610121525
0.4     0.5    0.6    0.7             2.2187708009762592
0.5     0.6    0.6    0.7             2.3444460074084494
0.6     0.7    0.6    0.7             2.550499897980004
0.7     0.8    0.6    0.7             2.5869205298013247
0.8     0.9    0.6    0.7             2.6052521884118383
0.9     1.0    0.6    0.7             2.63033300015782
1.0     1.1    0.6    0.7             2.56647161482394
1.1     1.2    0.6    0.7             2.522958926228681
1.2     1.3    0.6    0.7             2.5347257426746426
1.3     1.4    0.6    0.7             2.406043982484
1.4     1.5    0.6    0.7             2.2665457842248413
1.5     1.6    0.6    0.7             2.2577440621331166
1.6     1.7    0.6    0.7             2.2531656978054166
1.7     1.8    0.6    0.7             2.199058802832388
1.8     1.9    0.6    0.7             2.1790290246666086
1.9     2.0    0.6    0.7             2.1781746896101066
2.0     2.1    0.6    0.7             2.230151650312221
2.1     2.2    0.6    0.7             2.1507226428079833
2.2     2.3    0.6    0.7             2.1678806798473813
2.3     2.4    0.6    0.7             2.154708037060978
2.4     2.5    0.6    0.7             2.522195318805488
0.0     0.1    0.7    0.8             1.866019779809666
0.1     0.2    0.7    0.8             1.8763134193935753
0.2     0.3    0.7    0.8             1.992269992429374
0.3     0.4    0.7    0.8             2.0636427421684758
0.4     0.5    0.7    0.8             2.1920210434020166
0.5     0.6    0.7    0.8             2.392001148160551
0.6     0.7    0.7    0.8             2.4677952717042597
0.7     0.8    0.7    0.8             2.576655501159495
0.8     0.9    0.7    0.8             2.7137042062415198
0.9     1.0    0.7    0.8             2.6408915649923417
1.0     1.1    0.7    0.8             2.6315789473684212
1.1     1.2    0.7    0.8             2.6875940657923025
1.2     1.3    0.7    0.8             2.5961887948491613
1.3     1.4    0.7    0.8             2.5107964246258914
1.4     1.5    0.7    0.8             2.4595405578237983
1.5     1.6    0.7    0.8             2.373943595100181
1.6     1.7    0.7    0.8             2.378234398782344
1.7     1.8    0.7    0.8             2.2929468953499037
1.8     1.9    0.7    0.8             2.3572674555655087
1.9     2.0    0.7    0.8             2.2702506356701777
2.0     2.1    0.7    0.8             2.2505288742854574
2.1     2.2    0.7    0.8             2.2663403136614995
2.2     2.3    0.7    0.8             2.3152435636228934
2.3     2.4    0.7    0.8             2.1870352550083108
2.4     2.5    0.7    0.8             2.5032542304996492
0.0     0.1    0.8    0.9             1.8815383457514863
0.1     0.2    0.8    0.9             1.9227071716977504
0.2     0.3    0.8    0.9             1.9022256039566292
0.3     0.4    0.8    0.9             2.067140730940962
0.4     0.5    0.8    0.9             2.14813541845678
0.5     0.6    0.8    0.9             2.383903880995518
0.6     0.7    0.8    0.9             2.4823751365306324
0.7     0.8    0.8    0.9             2.5912106135986734
0.8     0.9    0.8    0.9             2.6392187912377936
0.9     1.0    0.8    0.9             2.7098802232941304
1.0     1.1    0.8    0.9             2.9253451907325063
1.1     1.2    0.8    0.9             2.6793848132468785
1.2     1.3    0.8    0.9             2.722866633992267
1.3     1.4    0.8    0.9             2.7047495401925783
1.4     1.5    0.8    0.9             2.626878217925817
1.5     1.6    0.8    0.9             2.5785158063018927
1.6     1.7    0.8    0.9             2.6549142462698456
1.7     1.8    0.8    0.9             2.5600327684194357
1.8     1.9    0.8    0.9             2.5736051060325305
1.9     2.0    0.8    0.9             2.605659492417531
2.0     2.1    0.8    0.9             2.5643655759565083
2.1     2.2    0.8    0.9             2.4532652961091213
2.2     2.3    0.8    0.9             2.5822444869080203
2.3     2.4    0.8    0.9             2.5729429321257653
2.4     2.5    0.8    0.9             2.8885037550548818
0.0     0.1    0.9    1.0             1.8358729575913346
0.1     0.2    0.9    1.0             1.871187455559298
0.2     0.3    0.9    1.0             1.9673421207948063
0.3     0.4    0.9    1.0             2.0123153700647967
0.4     0.5    0.9    1.0             2.1838829438742082
0.5     0.6    0.9    1.0             2.231246374224642
0.6     0.7    0.9    1.0             2.4124288333494164
0.7     0.8    0.9    1.0             2.696871628910464
0.8     0.9    0.9    1.0             2.6628321883154924
0.9     1.0    0.9    1.0             2.8251779862131317
1.0     1.1    0.9    1.0             3.005710850616171
1.1     1.2    0.9    1.0             2.9503746975865934
1.2     1.3    0.9    1.0             2.9404845918607383
1.3     1.4    0.9    1.0             2.991683120923832
1.4     1.5    0.9    1.0             3.0883261272390365
1.5     1.6    0.9    1.0             2.987036262620228
1.6     1.7    0.9    1.0             2.9841838257236644
1.7     1.8    0.9    1.0             3.0474797342597673
1.8     1.9    0.9    1.0             3.1464350890441133
1.9     2.0    0.9    1.0             3.125390673834229
2.0     2.1    0.9    1.0             3.0988534242330337
2.1     2.2    0.9    1.0             3.2624298577580584
2.2     2.3    0.9    1.0             3.4223134839151266
2.3     2.4    0.9    1.0             3.408316291751875
2.4     2.5    0.9    1.0             3.907165741970774
