0.0     0.1    -1.0    -0.9    2.9101
0.1     0.2    -1.0    -0.9    2.3791
0.2     0.3    -1.0    -0.9    2.3816
0.3     0.4    -1.0    -0.9    2.4095
0.4     0.5    -1.0    -0.9    2.5193
0.5     0.6    -1.0    -0.9    2.7265
0.6     0.7    -1.0    -0.9    2.8412
0.7     0.8    -1.0    -0.9    3.0458
0.8     0.9    -1.0    -0.9    3.1796
0.9     1.0    -1.0    -0.9    3.2356
1.0     1.1    -1.0    -0.9    3.3200
1.1     1.2    -1.0    -0.9    3.4080
1.2     1.3    -1.0    -0.9    3.4724
1.3     1.4    -1.0    -0.9    3.5198
1.4     1.5    -1.0    -0.9    3.4772
1.5     1.6    -1.0    -0.9    4.9275
1.6     1.7    -1.0    -0.9    3.0965
1.7     1.8    -1.0    -0.9    2.7340
1.8     1.9    -1.0    -0.9    2.8431
1.9     2.0    -1.0    -0.9    2.7925
2.0     2.1    -1.0    -0.9    2.9733
2.1     2.2    -1.0    -0.9    3.0669
2.2     2.3    -1.0    -0.9    3.2490
2.3     2.4    -1.0    -0.9    3.1766
2.4     2.5    -1.0    -0.9    3.2179
0.0     0.1    -0.9    -0.8    3.2581
0.1     0.2    -0.9    -0.8    3.3036
0.2     0.3    -0.9    -0.8    3.1863
0.3     0.4    -0.9    -0.8    3.1875
0.4     0.5    -0.9    -0.8    3.2293
0.5     0.6    -0.9    -0.8    5.7761
0.6     0.7    -0.9    -0.8    3.2771
0.7     0.8    -0.9    -0.8    2.8870
0.8     0.9    -0.9    -0.8    2.8270
0.9     1.0    -0.9    -0.8    2.9580
1.0     1.1    -0.9    -0.8    3.1042
1.1     1.2    -0.9    -0.8    3.2643
1.2     1.3    -0.9    -0.8    3.3824
1.3     1.4    -0.9    -0.8    3.2245
1.4     1.5    -0.9    -0.8    3.2838
1.5     1.6    -0.9    -0.8    3.2801
1.6     1.7    -0.9    -0.8    3.1786
1.7     1.8    -0.9    -0.8    3.1044
1.8     1.9    -0.9    -0.8    3.1326
1.9     2.0    -0.9    -0.8    3.0270
2.0     2.1    -0.9    -0.8    5.5786
2.1     2.2    -0.9    -0.8    3.4025
2.2     2.3    -0.9    -0.8    3.0154
2.3     2.4    -0.9    -0.8    3.0211
2.4     2.5    -0.9    -0.8    3.0266
0.0     0.1    -0.8    -0.7    3.1113
0.1     0.2    -0.8    -0.7    3.2220
0.2     0.3    -0.8    -0.7    3.3745
0.3     0.4    -0.8    -0.7    3.2883
0.4     0.5    -0.8    -0.7    3.1810
0.5     0.6    -0.8    -0.7    3.3200
0.6     0.7    -0.8    -0.7    3.1416
0.7     0.8    -0.8    -0.7    3.1246
0.8     0.9    -0.8    -0.7    3.0008
0.9     1.0    -0.8    -0.7    3.0699
1.0     1.1    -0.8    -0.7    5.3513
1.1     1.2    -0.8    -0.7    3.3362
1.2     1.3    -0.8    -0.7    2.9963
1.3     1.4    -0.8    -0.7    2.8813
1.4     1.5    -0.8    -0.7    3.0554
1.5     1.6    -0.8    -0.7    3.1786
1.6     1.7    -0.8    -0.7    3.2586
1.7     1.8    -0.8    -0.7    3.3375
1.8     1.9    -0.8    -0.7    3.3539
1.9     2.0    -0.8    -0.7    3.1756
2.0     2.1    -0.8    -0.7    3.3683
2.1     2.2    -0.8    -0.7    3.1034
2.2     2.3    -0.8    -0.7    3.0778
2.3     2.4    -0.8    -0.7    3.0612
2.4     2.5    -0.8    -0.7    2.9535
0.0     0.1    -0.7    -0.6    4.8174
0.1     0.2    -0.7    -0.6    3.3346
0.2     0.3    -0.7    -0.6    2.9310
0.3     0.4    -0.7    -0.6    2.8373
0.4     0.5    -0.7    -0.6    3.0151
0.5     0.6    -0.7    -0.6    3.1345
0.6     0.7    -0.7    -0.6    3.2341
0.7     0.8    -0.7    -0.6    3.3176
0.8     0.9    -0.7    -0.6    3.1875
0.9     1.0    -0.7    -0.6    3.1748
1.0     1.1    -0.7    -0.6    3.0652
1.1     1.2    -0.7    -0.6    3.0616
1.2     1.3    -0.7    -0.6    2.9524
1.3     1.4    -0.7    -0.6    3.0510
1.4     1.5    -0.7    -0.6    2.9415
1.5     1.6    -0.7    -0.6    4.8770
1.6     1.7    -0.7    -0.6    3.2473
1.7     1.8    -0.7    -0.6    2.8825
1.8     1.9    -0.7    -0.6    2.9387
1.9     2.0    -0.7    -0.6    3.0273
2.0     2.1    -0.7    -0.6    3.1731
2.1     2.2    -0.7    -0.6    3.2193
2.2     2.3    -0.7    -0.6    3.2216
2.3     2.4    -0.7    -0.6    3.2308
2.4     2.5    -0.7    -0.6    3.2
0.0     0.1    -0.6    -0.5    3.2412
0.1     0.2    -0.6    -0.5    3.2108
0.2     0.3    -0.6    -0.5    2.9582
0.3     0.4    -0.6    -0.5    3.0984
0.4     0.5    -0.6    -0.5    2.9941
0.5     0.6    -0.6    -0.5    4.0783
0.6     0.7    -0.6    -0.5    3.0266
0.7     0.8    -0.6    -0.5    2.8431
0.8     0.9    -0.6    -0.5    2.8925
0.9     1.0    -0.6    -0.5    2.9212
1.0     1.1    -0.6    -0.5    3.1244
1.1     1.2    -0.6    -0.5    3.2055
1.2     1.3    -0.6    -0.5    3.2366
1.3     1.4    -0.6    -0.5    3.1466
1.4     1.5    -0.6    -0.5    3.1695
1.5     1.6    -0.6    -0.5    3.1320
1.6     1.7    -0.6    -0.5    3.0073
1.7     1.8    -0.6    -0.5    3.0164
1.8     1.9    -0.6    -0.5    3.0877
1.9     2.0    -0.6    -0.5    3.0824
2.0     2.1    -0.6    -0.5    4.1711
2.1     2.2    -0.6    -0.5    3.0500
2.2     2.3    -0.6    -0.5    2.8132
2.3     2.4    -0.6    -0.5    2.8097
2.4     2.5    -0.6    -0.5    2.9482
0.0     0.1    -0.5    -0.4    3.0281
0.1     0.2    -0.5    -0.4    3.1115
0.2     0.3    -0.5    -0.4    3.1383
0.3     0.4    -0.5    -0.4    3.2429
0.4     0.5    -0.5    -0.4    3.2511
0.5     0.6    -0.5    -0.4    3.2637
0.6     0.7    -0.5    -0.4    3.1617
0.7     0.8    -0.5    -0.4    3.0031
0.8     0.9    -0.5    -0.4    2.9988
0.9     1.0    -0.5    -0.4    2.9571
1.0     1.1    -0.5    -0.4    3.9013
1.1     1.2    -0.5    -0.4    2.9334
1.2     1.3    -0.5    -0.4    2.7992
1.3     1.4    -0.5    -0.4    2.8571
1.4     1.5    -0.5    -0.4    2.9985
1.5     1.6    -0.5    -0.4    3.0644
1.6     1.7    -0.5    -0.4    3.2804
1.7     1.8    -0.5    -0.4    3.2387
1.8     1.9    -0.5    -0.4    3.2057
1.9     2.0    -0.5    -0.4    3.2677
2.0     2.1    -0.5    -0.4    3.1754
2.1     2.2    -0.5    -0.4    3.0803
2.2     2.3    -0.5    -0.4    3.0850
2.3     2.4    -0.5    -0.4    3.1507
2.4     2.5    -0.5    -0.4    3.0162
0.0     0.1    -0.4    -0.3    3.8167
0.1     0.2    -0.4    -0.3    2.9517
0.2     0.3    -0.4    -0.3    2.8000
0.3     0.4    -0.4    -0.3    2.8386
0.4     0.5    -0.4    -0.3    3.0224
0.5     0.6    -0.4    -0.3    3.1162
0.6     0.7    -0.4    -0.3    3.2241
0.7     0.8    -0.4    -0.3    3.3110
0.8     0.9    -0.4    -0.3    3.1705
0.9     1.0    -0.4    -0.3    3.2686
1.0     1.1    -0.4    -0.3    3.2226
1.1     1.2    -0.4    -0.3    3.2146
1.2     1.3    -0.4    -0.3    3.1365
1.3     1.4    -0.4    -0.3    3.1146
1.4     1.5    -0.4    -0.3    3.0478
1.5     1.6    -0.4    -0.3    3.8651
1.6     1.7    -0.4    -0.3    3.0277
1.7     1.8    -0.4    -0.3    2.7590
1.8     1.9    -0.4    -0.3    2.8566
1.9     2.0    -0.4    -0.3    2.8813
2.0     2.1    -0.4    -0.3    3.1230
2.1     2.2    -0.4    -0.3    3.1587
2.2     2.3    -0.4    -0.3    3.1651
2.3     2.4    -0.4    -0.3    3.1836
2.4     2.5    -0.4    -0.3    3.2006
0.0     0.1    -0.3    -0.2    3.1784
0.1     0.2    -0.3    -0.2    3.0957
0.2     0.3    -0.3    -0.2    3.1434
0.3     0.4    -0.3    -0.2    3.0553
0.4     0.5    -0.3    -0.2    2.9981
0.5     0.6    -0.3    -0.2    4.1203
0.6     0.7    -0.3    -0.2    3.0472
0.7     0.8    -0.3    -0.2    2.9010
0.8     0.9    -0.3    -0.2    2.9784
0.9     1.0    -0.3    -0.2    2.9997
1.0     1.1    -0.3    -0.2    3.1166
1.1     1.2    -0.3    -0.2    3.1802
1.2     1.3    -0.3    -0.2    3.0790
1.3     1.4    -0.3    -0.2    3.1391
1.4     1.5    -0.3    -0.2    3.2486
1.5     1.6    -0.3    -0.2    3.3417
1.6     1.7    -0.3    -0.2    3.2092
1.7     1.8    -0.3    -0.2    3.0716
1.8     1.9    -0.3    -0.2    3.0699
1.9     2.0    -0.3    -0.2    3.0994
2.0     2.1    -0.3    -0.2    4.8690
2.1     2.2    -0.3    -0.2    3.1460
2.2     2.3    -0.3    -0.2    2.9365
2.3     2.4    -0.3    -0.2    2.9183
2.4     2.5    -0.3    -0.2    3.0776
0.0     0.1    -0.2    -0.1    3.1106
0.1     0.2    -0.2    -0.1    3.2063
0.2     0.3    -0.2    -0.1    3.0774
0.3     0.4    -0.2    -0.1    3.1418
0.4     0.5    -0.2    -0.1    3.2566
0.5     0.6    -0.2    -0.1    3.1843
0.6     0.7    -0.2    -0.1    3.0986
0.7     0.8    -0.2    -0.1    3.1236
0.8     0.9    -0.2    -0.1    3.0929
0.9     1.0    -0.2    -0.1    2.9127
1.0     1.1    -0.2    -0.1    5.2121
1.1     1.2    -0.2    -0.1    3.3469
1.2     1.3    -0.2    -0.1    3.0824
1.3     1.4    -0.2    -0.1    2.8705
1.4     1.5    -0.2    -0.1    3.0426
1.5     1.6    -0.2    -0.1    3.2609
1.6     1.7    -0.2    -0.1    3.3489
1.7     1.8    -0.2    -0.1    3.2632
1.8     1.9    -0.2    -0.1    3.3062
1.9     2.0    -0.2    -0.1    3.3724
2.0     2.1    -0.2    -0.1    3.1071
2.1     2.2    -0.2    -0.1    3.2189
2.2     2.3    -0.2    -0.1    3.1222
2.3     2.4    -0.2    -0.1    3.0476
2.4     2.5    -0.2    -0.1    3.0013
0.0     0.1    -0.1    0.0    5.3188
0.1     0.2    -0.1    0.0    3.2662
0.2     0.3    -0.1    0.0    3.0812
0.3     0.4    -0.1    0.0    3.0089
0.4     0.5    -0.1    0.0    2.9943
0.5     0.6    -0.1    0.0    3.1222
0.6     0.7    -0.1    0.0    3.1543
0.7     0.8    -0.1    0.0    3.3983
0.8     0.9    -0.1    0.0    3.2611
0.9     1.0    -0.1    0.0    3.1768
1.0     1.1    -0.1    0.0    3.2094
1.1     1.2    -0.1    0.0    3.1084
1.2     1.3    -0.1    0.0    2.9481
1.3     1.4    -0.1    0.0    3.0887
1.4     1.5    -0.1    0.0    2.8968
1.5     1.6    -0.1    0.0    5.5942
1.6     1.7    -0.1    0.0    3.3765
1.7     1.8    -0.1    0.0    2.9064
1.8     1.9    -0.1    0.0    2.9925
1.9     2.0    -0.1    0.0    3.1121
2.0     2.1    -0.1    0.0    3.0929
2.1     2.2    -0.1    0.0    3.1631
2.2     2.3    -0.1    0.0    3.2429
2.3     2.4    -0.1    0.0    3.1703
2.4     2.5    -0.1    0.0    3.2664
0.0     0.1    0.0    0.1    3.1839
0.1     0.2    0.0    0.1    3.0892
0.2     0.3    0.0    0.1    3.1750
0.3     0.4    0.0    0.1    2.9262
0.4     0.5    0.0    0.1    2.9949
0.5     0.6    0.0    0.1    5.3776
0.6     0.7    0.0    0.1    3.2899
0.7     0.8    0.0    0.1    3.0246
0.8     0.9    0.0    0.1    2.8129
0.9     1.0    0.0    0.1    2.8868
1.0     1.1    0.0    0.1    3.1098
1.1     1.2    0.0    0.1    3.1507
1.2     1.3    0.0    0.1    3.2391
1.3     1.4    0.0    0.1    3.2886
1.4     1.5    0.0    0.1    3.2692
1.5     1.6    0.0    0.1    3.2018
1.6     1.7    0.0    0.1    3.2862
1.7     1.8    0.0    0.1    3.1555
1.8     1.9    0.0    0.1    3.0975
1.9     2.0    0.0    0.1    3.0459
2.0     2.1    0.0    0.1    4.8971
2.1     2.2    0.0    0.1    2.9886
2.2     2.3    0.0    0.1    2.7717
2.3     2.4    0.0    0.1    2.7194
2.4     2.5    0.0    0.1    2.7883
0.0     0.1    0.1    0.2    2.8142
0.1     0.2    0.1    0.2    3.0963
0.2     0.3    0.1    0.2    3.1847
0.3     0.4    0.1    0.2    3.1885
0.4     0.5    0.1    0.2    3.3073
0.5     0.6    0.1    0.2    3.3158
0.6     0.7    0.1    0.2    3.2475
0.7     0.8    0.1    0.2    3.1904
0.8     0.9    0.1    0.2    3.1571
0.9     1.0    0.1    0.2    3.2069
1.0     1.1    0.1    0.2    2.8266
1.1     1.2    0.1    0.2    2.3905
1.2     1.3    0.1    0.2    2.3289
1.3     1.4    0.1    0.2    2.3915
1.4     1.5    0.1    0.2    2.5225
1.5     1.6    0.1    0.2    2.6917
1.6     1.7    0.1    0.2    2.8793
1.7     1.8    0.1    0.2    3.0955
1.8     1.9    0.1    0.2    3.1723
1.9     2.0    0.1    0.2    3.2237
2.0     2.1    0.1    0.2    3.3802
2.1     2.2    0.1    0.2    3.3393
2.2     2.3    0.1    0.2    3.3955
2.3     2.4    0.1    0.2    3.4828
2.4     2.5    0.1    0.2    3.4818
0.0     0.1    0.2    0.3    3.2
0.1     0.2    0.2    0.3    3.2412
0.2     0.3    0.2    0.3    3.2108
0.3     0.4    0.2    0.3    2.9582
0.4     0.5    0.2    0.3    3.0984
0.5     0.6    0.2    0.3    2.9941
0.6     0.7    0.2    0.3    4.0783
0.7     0.8    0.2    0.3    3.0266
0.8     0.9    0.2    0.3    2.8431
0.9     1.0    0.2    0.3    2.8925
1.0     1.1    0.2    0.3    2.9212
1.1     1.2    0.2    0.3    3.1244
1.2     1.3    0.2    0.3    3.2055
1.3     1.4    0.2    0.3    3.2366
1.4     1.5    0.2    0.3    3.1466
1.5     1.6    0.2    0.3    3.1695
1.6     1.7    0.2    0.3    3.1320
1.7     1.8    0.2    0.3    3.0073
1.8     1.9    0.2    0.3    3.0164
1.9     2.0    0.2    0.3    3.0877
2.0     2.1    0.2    0.3    3.0824
2.1     2.2    0.2    0.3    4.1711
2.2     2.3    0.2    0.3    3.0500
2.3     2.4    0.2    0.3    2.8132
2.4     2.5    0.2    0.3    2.8097
0.0     0.1    0.3    0.4    2.9482
0.1     0.2    0.3    0.4    3.0281
0.2     0.3    0.3    0.4    3.1115
0.3     0.4    0.3    0.4    3.1383
0.4     0.5    0.3    0.4    3.2429
0.5     0.6    0.3    0.4    3.2511
0.6     0.7    0.3    0.4    3.2637
0.7     0.8    0.3    0.4    3.1617
0.8     0.9    0.3    0.4    3.0031
0.9     1.0    0.3    0.4    2.9988
1.0     1.1    0.3    0.4    2.9571
1.1     1.2    0.3    0.4    3.9013
1.2     1.3    0.3    0.4    2.9334
1.3     1.4    0.3    0.4    2.7992
1.4     1.5    0.3    0.4    2.8571
1.5     1.6    0.3    0.4    2.9985
1.6     1.7    0.3    0.4    3.0644
1.7     1.8    0.3    0.4    3.2804
1.8     1.9    0.3    0.4    3.2387
1.9     2.0    0.3    0.4    3.2057
2.0     2.1    0.3    0.4    3.2677
2.1     2.2    0.3    0.4    3.1754
2.2     2.3    0.3    0.4    3.0803
2.3     2.4    0.3    0.4    3.0850
2.4     2.5    0.3    0.4    3.1507
0.0     0.1    0.4    0.5    3.0162
0.1     0.2    0.4    0.5    3.8167
0.2     0.3    0.4    0.5    2.9517
0.3     0.4    0.4    0.5    2.8000
0.4     0.5    0.4    0.5    2.8386
0.5     0.6    0.4    0.5    3.0224
0.6     0.7    0.4    0.5    3.1162
0.7     0.8    0.4    0.5    3.2241
0.8     0.9    0.4    0.5    3.3110
0.9     1.0    0.4    0.5    3.1705
1.0     1.1    0.4    0.5    3.2686
1.1     1.2    0.4    0.5    3.2226
1.2     1.3    0.4    0.5    3.2146
1.3     1.4    0.4    0.5    3.1365
1.4     1.5    0.4    0.5    3.1146
1.5     1.6    0.4    0.5    3.0478
1.6     1.7    0.4    0.5    3.8651
1.7     1.8    0.4    0.5    3.0277
1.8     1.9    0.4    0.5    2.7590
1.9     2.0    0.4    0.5    2.8566
2.0     2.1    0.4    0.5    2.8813
2.1     2.2    0.4    0.5    3.1230
2.2     2.3    0.4    0.5    3.1587
2.3     2.4    0.4    0.5    3.1651
2.4     2.5    0.4    0.5    3.1836
0.0     0.1    0.5    0.6    3.2006
0.1     0.2    0.5    0.6    3.1784
0.2     0.3    0.5    0.6    3.0957
0.3     0.4    0.5    0.6    3.1434
0.4     0.5    0.5    0.6    3.0553
0.5     0.6    0.5    0.6    2.9981
0.6     0.7    0.5    0.6    4.1203
0.7     0.8    0.5    0.6    3.0472
0.8     0.9    0.5    0.6    2.9010
0.9     1.0    0.5    0.6    2.9784
1.0     1.1    0.5    0.6    2.9997
1.1     1.2    0.5    0.6    3.1166
1.2     1.3    0.5    0.6    3.1802
1.3     1.4    0.5    0.6    3.0790
1.4     1.5    0.5    0.6    3.1391
1.5     1.6    0.5    0.6    3.2486
1.6     1.7    0.5    0.6    3.3417
1.7     1.8    0.5    0.6    3.2092
1.8     1.9    0.5    0.6    3.0716
1.9     2.0    0.5    0.6    3.0699
2.0     2.1    0.5    0.6    3.0994
2.1     2.2    0.5    0.6    4.8690
2.2     2.3    0.5    0.6    3.1460
2.3     2.4    0.5    0.6    2.9365
2.4     2.5    0.5    0.6    2.9183
0.0     0.1    0.6    0.7    3.0776
0.1     0.2    0.6    0.7    3.1106
0.2     0.3    0.6    0.7    3.2063
0.3     0.4    0.6    0.7    3.0774
0.4     0.5    0.6    0.7    3.1418
0.5     0.6    0.6    0.7    3.2566
0.6     0.7    0.6    0.7    3.1843
0.7     0.8    0.6    0.7    3.0986
0.8     0.9    0.6    0.7    3.1236
0.9     1.0    0.6    0.7    3.0929
1.0     1.1    0.6    0.7    2.9127
1.1     1.2    0.6    0.7    5.2121
1.2     1.3    0.6    0.7    3.3469
1.3     1.4    0.6    0.7    3.0824
1.4     1.5    0.6    0.7    2.8705
1.5     1.6    0.6    0.7    3.0426
1.6     1.7    0.6    0.7    3.2609
1.7     1.8    0.6    0.7    3.3489
1.8     1.9    0.6    0.7    3.2632
1.9     2.0    0.6    0.7    3.3062
2.0     2.1    0.6    0.7    3.3724
2.1     2.2    0.6    0.7    3.1071
2.2     2.3    0.6    0.7    3.2189
2.3     2.4    0.6    0.7    3.1222
2.4     2.5    0.6    0.7    3.0476
0.0     0.1    0.7    0.8    3.0013
0.1     0.2    0.7    0.8    5.3188
0.2     0.3    0.7    0.8    3.2662
0.3     0.4    0.7    0.8    3.0812
0.4     0.5    0.7    0.8    3.0089
0.5     0.6    0.7    0.8    2.9943
0.6     0.7    0.7    0.8    3.1222
0.7     0.8    0.7    0.8    3.1543
0.8     0.9    0.7    0.8    3.3983
0.9     1.0    0.7    0.8    3.2611
1.0     1.1    0.7    0.8    3.1768
1.1     1.2    0.7    0.8    3.2094
1.2     1.3    0.7    0.8    3.1084
1.3     1.4    0.7    0.8    2.9481
1.4     1.5    0.7    0.8    3.0887
1.5     1.6    0.7    0.8    2.8968
1.6     1.7    0.7    0.8    5.5942
1.7     1.8    0.7    0.8    3.3765
1.8     1.9    0.7    0.8    2.9064
1.9     2.0    0.7    0.8    2.9925
2.0     2.1    0.7    0.8    3.1121
2.1     2.2    0.7    0.8    3.0929
2.2     2.3    0.7    0.8    3.1631
2.3     2.4    0.7    0.8    3.2429
2.4     2.5    0.7    0.8    3.1703
0.0     0.1    0.8    0.9    3.2664
0.1     0.2    0.8    0.9    3.1839
0.2     0.3    0.8    0.9    3.0892
0.3     0.4    0.8    0.9    3.1750
0.4     0.5    0.8    0.9    2.9262
0.5     0.6    0.8    0.9    2.9949
0.6     0.7    0.8    0.9    5.3776
0.7     0.8    0.8    0.9    3.2899
0.8     0.9    0.8    0.9    3.0246
0.9     1.0    0.8    0.9    2.8129
1.0     1.1    0.8    0.9    2.8868
1.1     1.2    0.8    0.9    3.1098
1.2     1.3    0.8    0.9    3.1507
1.3     1.4    0.8    0.9    3.2391
1.4     1.5    0.8    0.9    3.2886
1.5     1.6    0.8    0.9    3.2692
1.6     1.7    0.8    0.9    3.2018
1.7     1.8    0.8    0.9    3.2862
1.8     1.9    0.8    0.9    3.1555
1.9     2.0    0.8    0.9    3.0975
2.0     2.1    0.8    0.9    3.0459
2.1     2.2    0.8    0.9    4.8971
2.2     2.3    0.8    0.9    2.9886
2.3     2.4    0.8    0.9    2.7717
2.4     2.5    0.8    0.9    2.7194
0.0     0.1    0.9    1.0    2.7883
0.1     0.2    0.9    1.0    2.8142
0.2     0.3    0.9    1.0    3.0963
0.3     0.4    0.9    1.0    3.1847
0.4     0.5    0.9    1.0    3.1885
0.5     0.6    0.9    1.0    3.3073
0.6     0.7    0.9    1.0    3.3158
0.7     0.8    0.9    1.0    3.2475
0.8     0.9    0.9    1.0    3.1904
0.9     1.0    0.9    1.0    3.1571
1.0     1.1    0.9    1.0    3.2069
1.1     1.2    0.9    1.0    2.8266
1.2     1.3    0.9    1.0    2.3905
1.3     1.4    0.9    1.0    2.3289
1.4     1.5    0.9    1.0    2.3915
1.5     1.6    0.9    1.0    2.5225
1.6     1.7    0.9    1.0    2.6917
1.7     1.8    0.9    1.0    2.8793
1.8     1.9    0.9    1.0    3.0955
1.9     2.0    0.9    1.0    3.1723
2.0     2.1    0.9    1.0    3.2237
2.1     2.2    0.9    1.0    3.3802
2.2     2.3    0.9    1.0    3.3393
2.3     2.4    0.9    1.0    3.3955
2.4     2.5    0.9    1.0    3.4828
