0.0     0.1    -1.0    -0.9           1.9014298752662002
0.1     0.2    -1.0    -0.9           1.927748004780815
0.2     0.3    -1.0    -0.9           1.9554165037152913
0.3     0.4    -1.0    -0.9           2.07546386617409
0.4     0.5    -1.0    -0.9           2.189046013747209
0.5     0.6    -1.0    -0.9           2.3407143860306165
0.6     0.7    -1.0    -0.9           2.477455158061639
0.7     0.8    -1.0    -0.9           2.6271542664985286
0.8     0.9    -1.0    -0.9           2.77192593413904
0.9     1.0    -1.0    -0.9           2.849002849002849
1.0     1.1    -1.0    -0.9           2.9959853795913474
1.1     1.2    -1.0    -0.9           2.9605068387707973
1.2     1.3    -1.0    -0.9           2.9959853795913474
1.3     1.4    -1.0    -0.9           3.108679432976871
1.4     1.5    -1.0    -0.9           3.0735185640521268
1.5     1.6    -1.0    -0.9           3.196726552010741
1.6     1.7    -1.0    -0.9           3.145445395067942
1.7     1.8    -1.0    -0.9           3.22393448965117
1.8     1.9    -1.0    -0.9           3.3391211433150794
1.9     2.0    -1.0    -0.9           3.4295905068934767
2.0     2.1    -1.0    -0.9           3.3586350507153893
2.1     2.2    -1.0    -0.9           3.344929087503345
2.2     2.3    -1.0    -0.9           3.4399724802201583
2.3     2.4    -1.0    -0.9           3.570663429265158
2.4     2.5    -1.0    -0.9           3.616374945754376
0.0     0.1    -0.9    -0.8           1.9165165395377362
0.1     0.2    -0.9    -0.8           1.895950250265433
0.2     0.3    -0.9    -0.8           2.0145044319097503
0.3     0.4    -0.9    -0.8           2.0821187640543015
0.4     0.5    -0.9    -0.8           2.253368786335572
0.5     0.6    -0.9    -0.8           2.377103736807074
0.6     0.7    -0.9    -0.8           2.541425231269696
0.7     0.8    -0.9    -0.8           2.588661661920787
0.8     0.9    -0.9    -0.8           2.736127831892306
0.9     1.0    -0.9    -0.8           2.7760812836599857
1.0     1.1    -0.9    -0.8           2.768395991362605
1.1     1.2    -0.9    -0.8           2.7516372241483684
1.2     1.3    -0.9    -0.8           2.775002775002775
1.3     1.4    -0.9    -0.8           2.6999298018251525
1.4     1.5    -0.9    -0.8           2.5904051393637966
1.5     1.6    -0.9    -0.8           2.6607066836951896
1.6     1.7    -0.9    -0.8           2.6925148088314486
1.7     1.8    -0.9    -0.8           2.6097395479931103
1.8     1.9    -0.9    -0.8           2.6318559848405094
1.9     2.0    -0.9    -0.8           2.6474637297469026
2.0     2.1    -0.9    -0.8           2.5980774227071968
2.1     2.2    -0.9    -0.8           2.715177844148792
2.2     2.3    -0.9    -0.8           2.67293916390463
2.3     2.4    -0.9    -0.8           2.6683744262994984
2.4     2.5    -0.9    -0.8           2.616294280780702
0.0     0.1    -0.8    -0.7           1.9028771502511799
0.1     0.2    -0.8    -0.7           1.9230029614245607
0.2     0.3    -0.8    -0.7           2.033677702757667
0.3     0.4    -0.8    -0.7           2.1176570242683495
0.4     0.5    -0.8    -0.7           2.1966435286881647
0.5     0.6    -0.8    -0.7           2.3720290336353718
0.6     0.7    -0.8    -0.7           2.554278416347382
0.7     0.8    -0.8    -0.7           2.5724134382878017
0.8     0.9    -0.8    -0.7           2.6824034334763946
0.9     1.0    -0.8    -0.7           2.620682425703653
1.0     1.1    -0.8    -0.7           2.658301876761125
1.1     1.2    -0.8    -0.7           2.635046113306983
1.2     1.3    -0.8    -0.7           2.6618398637137988
1.3     1.4    -0.8    -0.7           2.5712228735986837
1.4     1.5    -0.8    -0.7           2.5606883130185394
1.5     1.6    -0.8    -0.7           2.4699896260435708
1.6     1.7    -0.8    -0.7           2.4033839646221877
1.7     1.8    -0.8    -0.7           2.3766517729822225
1.8     1.9    -0.8    -0.7           2.4263599747658566
1.9     2.0    -0.8    -0.7           2.40442414041837
2.0     2.1    -0.8    -0.7           2.3249325769552684
2.1     2.2    -0.8    -0.7           2.356823002592505
2.2     2.3    -0.8    -0.7           2.3081894561905645
2.3     2.4    -0.8    -0.7           2.3000138000828003
2.4     2.5    -0.8    -0.7           2.2981109527968013
0.0     0.1    -0.7    -0.6           1.8962378640776698
0.1     0.2    -0.7    -0.6           1.9106576483625664
0.2     0.3    -0.7    -0.6           2.0048115477145148
0.3     0.4    -0.7    -0.6           2.147489584675514
0.4     0.5    -0.7    -0.6           2.239541341933172
0.5     0.6    -0.7    -0.6           2.3862931322483654
0.6     0.7    -0.7    -0.6           2.574267620861865
0.7     0.8    -0.7    -0.6           2.629364745477493
0.8     0.9    -0.7    -0.6           2.6344907529374573
0.9     1.0    -0.7    -0.6           2.6202704119065086
1.0     1.1    -0.7    -0.6           2.574797878366548
1.1     1.2    -0.7    -0.6           2.5232135647961242
1.2     1.3    -0.7    -0.6           2.55676007363469
1.3     1.4    -0.7    -0.6           2.464268112370626
1.4     1.5    -0.7    -0.6           2.414176041716962
1.5     1.6    -0.7    -0.6           2.369892880841786
1.6     1.7    -0.7    -0.6           2.3344850126062187
1.7     1.8    -0.7    -0.6           2.2993791676247413
1.8     1.9    -0.7    -0.6           2.3040412884198886
1.9     2.0    -0.7    -0.6           2.2190662169359134
2.0     2.1    -0.7    -0.6           2.221728504776716
2.1     2.2    -0.7    -0.6           2.2458788123792837
2.2     2.3    -0.7    -0.6           2.21004243281471
2.3     2.4    -0.7    -0.6           2.1759944294542604
2.4     2.5    -0.7    -0.6           2.21141088014153
0.0     0.1    -0.6    -0.5           1.9078872057083986
0.1     0.2    -0.6    -0.5           1.9444660496227735
0.2     0.3    -0.6    -0.5           1.988862370723946
0.3     0.4    -0.6    -0.5           2.118823629121112
0.4     0.5    -0.6    -0.5           2.211606510969568
0.5     0.6    -0.6    -0.5           2.3709042628858645
0.6     0.7    -0.6    -0.5           2.55832992222677
0.7     0.8    -0.6    -0.5           2.6689441656880537
0.8     0.9    -0.6    -0.5           2.6766595289079227
0.9     1.0    -0.6    -0.5           2.569637167231987
1.0     1.1    -0.6    -0.5           2.6150627615062763
1.1     1.2    -0.6    -0.5           2.5046335721084008
1.2     1.3    -0.6    -0.5           2.4868198547697205
1.3     1.4    -0.6    -0.5           2.4590567058476367
1.4     1.5    -0.6    -0.5           2.3190019015815593
1.5     1.6    -0.6    -0.5           2.343896493530846
1.6     1.7    -0.6    -0.5           2.3506182125899113
1.7     1.8    -0.6    -0.5           2.239140170174653
1.8     1.9    -0.6    -0.5           2.276452376616281
1.9     2.0    -0.6    -0.5           2.2119978764820383
2.0     2.1    -0.6    -0.5           2.2125851845296043
2.1     2.2    -0.6    -0.5           2.238238058999955
2.2     2.3    -0.6    -0.5           2.180834823570463
2.3     2.4    -0.6    -0.5           2.1603871413757343
2.4     2.5    -0.6    -0.5           2.149890355591865
0.0     0.1    -0.5    -0.4           1.9239649068800984
0.1     0.2    -0.5    -0.4           1.9695119549375666
0.2     0.3    -0.5    -0.4           2.065432914738929
0.3     0.4    -0.5    -0.4           2.201867183371499
0.4     0.5    -0.5    -0.4           2.1953896816684964
0.5     0.6    -0.5    -0.4           2.4081298463613154
0.6     0.7    -0.5    -0.4           2.4802817600079368
0.7     0.8    -0.5    -0.4           2.623707823896731
0.8     0.9    -0.5    -0.4           2.5451768897938405
0.9     1.0    -0.5    -0.4           2.5600327684194357
1.0     1.1    -0.5    -0.4           2.555583950932788
1.1     1.2    -0.5    -0.4           2.5087807325639737
1.2     1.3    -0.5    -0.4           2.4871909665224097
1.3     1.4    -0.5    -0.4           2.3980815347721824
1.4     1.5    -0.5    -0.4           2.3637309128728785
1.5     1.6    -0.5    -0.4           2.3191094619666046
1.6     1.7    -0.5    -0.4           2.2986392055902907
1.7     1.8    -0.5    -0.4           2.2780081097088707
1.8     1.9    -0.5    -0.4           2.2447696866301516
1.9     2.0    -0.5    -0.4           2.221037668798863
2.0     2.1    -0.5    -0.4           2.1920210434020166
2.1     2.2    -0.5    -0.4           2.1872265966754156
2.2     2.3    -0.5    -0.4           2.1769418321142457
2.3     2.4    -0.5    -0.4           2.143071450002143
2.4     2.5    -0.5    -0.4           2.126754572522331
0.0     0.1    -0.4    -0.3           1.875609573111261
0.1     0.2    -0.4    -0.3           1.9589406049208586
0.2     0.3    -0.4    -0.3           2.039151712887439
0.3     0.4    -0.4    -0.3           2.147489584675514
0.4     0.5    -0.4    -0.3           2.2980053313723685
0.5     0.6    -0.4    -0.3           2.391772303276728
0.6     0.7    -0.4    -0.3           2.448819668919581
0.7     0.8    -0.4    -0.3           2.568053415511043
0.8     0.9    -0.4    -0.3           2.5777182038459556
0.9     1.0    -0.4    -0.3           2.577452446002371
1.0     1.1    -0.4    -0.3           2.5637081474644927
1.1     1.2    -0.4    -0.3           2.4965048931495906
1.2     1.3    -0.4    -0.3           2.437359851808521
1.3     1.4    -0.4    -0.3           2.4422410003419137
1.4     1.5    -0.4    -0.3           2.354825036499788
1.5     1.6    -0.4    -0.3           2.294841196989168
1.6     1.7    -0.4    -0.3           2.2747952684258417
1.7     1.8    -0.4    -0.3           2.306805074971165
1.8     1.9    -0.4    -0.3           2.229157378510923
1.9     2.0    -0.4    -0.3           2.251846514141596
2.0     2.1    -0.4    -0.3           2.239039899691013
2.1     2.2    -0.4    -0.3           2.2174915735320204
2.2     2.3    -0.4    -0.3           2.164877034984413
2.3     2.4    -0.4    -0.3           2.1878965562508204
2.4     2.5    -0.4    -0.3           2.113092722508664
0.0     0.1    -0.3    -0.2           1.899984800121599
0.1     0.2    -0.3    -0.2           1.9150484507258032
0.2     0.3    -0.3    -0.2           2.0464963981663393
0.3     0.4    -0.3    -0.2           2.188662727073758
0.4     0.5    -0.3    -0.2           2.275002275002275
0.5     0.6    -0.3    -0.2           2.378347524140227
0.6     0.7    -0.3    -0.2           2.5094102885821834
0.7     0.8    -0.3    -0.2           2.538715410002539
0.8     0.9    -0.3    -0.2           2.616020509600795
0.9     1.0    -0.3    -0.2           2.6085141903171953
1.0     1.1    -0.3    -0.2           2.4978768047159914
1.1     1.2    -0.3    -0.2           2.451340883463254
1.2     1.3    -0.3    -0.2           2.4281274281274285
1.3     1.4    -0.3    -0.2           2.4891721013590877
1.4     1.5    -0.3    -0.2           2.349844910235924
1.5     1.6    -0.3    -0.2           2.3380874444704234
1.6     1.7    -0.3    -0.2           2.374281779761622
1.7     1.8    -0.3    -0.2           2.30170786723749
1.8     1.9    -0.3    -0.2           2.2684996143550658
1.9     2.0    -0.3    -0.2           2.2771781208726147
2.0     2.1    -0.3    -0.2           2.2640825937330193
2.1     2.2    -0.3    -0.2           2.1603871413757343
2.2     2.3    -0.3    -0.2           2.131287297527707
2.3     2.4    -0.3    -0.2           2.125127507650459
2.4     2.5    -0.3    -0.2           2.1408691928923145
0.0     0.1    -0.2    -0.1           1.875609573111261
0.1     0.2    -0.2    -0.1           1.9624774315095375
0.2     0.3    -0.2    -0.1           2.063216967896344
0.3     0.4    -0.2    -0.1           2.146291208791209
0.4     0.5    -0.2    -0.1           2.238839385662472
0.5     0.6    -0.2    -0.1           2.34192037470726
0.6     0.7    -0.2    -0.1           2.441287046530931
0.7     0.8    -0.2    -0.1           2.5631824473266005
0.8     0.9    -0.2    -0.1           2.5397470411946967
0.9     1.0    -0.2    -0.1           2.4808970923886076
1.0     1.1    -0.2    -0.1           2.510922512931251
1.1     1.2    -0.2    -0.1           2.4537468714727386
1.2     1.3    -0.2    -0.1           2.441763930263222
1.3     1.4    -0.2    -0.1           2.4441511463068877
1.4     1.5    -0.2    -0.1           2.4731661473017756
1.5     1.6    -0.2    -0.1           2.317174900361479
1.6     1.7    -0.2    -0.1           2.334049108393241
1.7     1.8    -0.2    -0.1           2.3230962226455416
1.8     1.9    -0.2    -0.1           2.305209774089442
1.9     2.0    -0.2    -0.1           2.2715914769887786
2.0     2.1    -0.2    -0.1           2.178459393516905
2.1     2.2    -0.2    -0.1           2.2319435764663873
2.2     2.3    -0.2    -0.1           2.1573111274107952
2.3     2.4    -0.2    -0.1           2.197029615959223
2.4     2.5    -0.2    -0.1           2.151277859048275
0.0     0.1    -0.1    0.0            1.918281220026856
0.1     0.2    -0.1    0.0            1.9482543640897756
0.2     0.3    -0.1    0.0            2.012963484842385
0.3     0.4    -0.1    0.0            2.0959966464053656
0.4     0.5    -0.1    0.0            2.2657241254304874
0.5     0.6    -0.1    0.0            2.4234199302055064
0.6     0.7    -0.1    0.0            2.488428806051859
0.7     0.8    -0.1    0.0            2.5842464337399216
0.8     0.9    -0.1    0.0            2.632271650434325
0.9     1.0    -0.1    0.0            2.5106703489831785
1.0     1.1    -0.1    0.0            2.457123200157256
1.1     1.2    -0.1    0.0            2.508151492350138
1.2     1.3    -0.1    0.0            2.4849659559664032
1.3     1.4    -0.1    0.0            2.437003460544914
1.4     1.5    -0.1    0.0            2.4158090544523363
1.5     1.6    -0.1    0.0            2.3503972171296947
1.6     1.7    -0.1    0.0            2.286236854138089
1.7     1.8    -0.1    0.0            2.304466055215007
1.8     1.9    -0.1    0.0            2.2966331358228835
1.9     2.0    -0.1    0.0            2.2264772676670974
2.0     2.1    -0.1    0.0            2.2203472623118254
2.1     2.2    -0.1    0.0            2.1896211955331726
2.2     2.3    -0.1    0.0            2.230649118893598
2.3     2.4    -0.1    0.0            2.103403306549998
2.4     2.5    -0.1    0.0            2.1182850364345027
0.0     0.1    0.0    0.1             1.915635416267576
0.1     0.2    0.0    0.1             1.9587871190159054
0.2     0.3    0.0    0.1             1.9970443743259976
0.3     0.4    0.0    0.1             2.194426157559798
0.4     0.5    0.0    0.1             2.271385090628265
0.5     0.6    0.0    0.1             2.384586035864174
0.6     0.7    0.0    0.1             2.4970035956851775
0.7     0.8    0.0    0.1             2.5473812920317913
0.8     0.9    0.0    0.1             2.494512073438435
0.9     1.0    0.0    0.1             2.5162296814453224
1.0     1.1    0.0    0.1             2.5051355278320555
1.1     1.2    0.0    0.1             2.552062066149449
1.2     1.3    0.0    0.1             2.4691358024691357
1.3     1.4    0.0    0.1             2.3588243619380105
1.4     1.5    0.0    0.1             2.340276152586005
1.5     1.6    0.0    0.1             2.370679436726566
1.6     1.7    0.0    0.1             2.272933903082098
1.7     1.8    0.0    0.1             2.3055286577212155
1.8     1.9    0.0    0.1             2.264697889301567
1.9     2.0    0.0    0.1             2.226576416102601
2.0     2.1    0.0    0.1             2.1925016443762333
2.1     2.2    0.0    0.1             2.2654161569480316
2.2     2.3    0.0    0.1             2.1300161881230295
2.3     2.4    0.0    0.1             2.1405942289579585
2.4     2.5    0.0    0.1             2.196547028071871
0.0     0.1    0.1    0.2             1.881750780926574
0.1     0.2    0.1    0.2             1.9877554265723145
0.2     0.3    0.1    0.2             2.0158039025963554
0.3     0.4    0.1    0.2             2.1274785124670244
0.4     0.5    0.1    0.2             2.2147413182140325
0.5     0.6    0.1    0.2             2.419081716580386
0.6     0.7    0.1    0.2             2.4995000999800037
0.7     0.8    0.1    0.2             2.462811545660526
0.8     0.9    0.1    0.2             2.5107964246258914
0.9     1.0    0.1    0.2             2.5753283543651815
1.0     1.1    0.1    0.2             2.5235956190380056
1.1     1.2    0.1    0.2             2.4951344877488895
1.2     1.3    0.1    0.2             2.4634182391486426
1.3     1.4    0.1    0.2             2.3547141377036827
1.4     1.5    0.1    0.2             2.372479240806643
1.5     1.6    0.1    0.2             2.3956686311149444
1.6     1.7    0.1    0.2             2.348410126344465
1.7     1.8    0.1    0.2             2.244668911335578
1.8     1.9    0.1    0.2             2.2308481684736536
1.9     2.0    0.1    0.2             2.3042536522420387
2.0     2.1    0.1    0.2             2.171646977067408
2.1     2.2    0.1    0.2             2.2125851845296043
2.2     2.3    0.1    0.2             2.1546151857278293
2.3     2.4    0.1    0.2             2.15368711233632
2.4     2.5    0.1    0.2             2.1580560231343604
0.0     0.1    0.2    0.3             1.9024427364736323
0.1     0.2    0.2    0.3             1.9602462069235898
0.2     0.3    0.2    0.3             1.9590173568937819
0.3     0.4    0.2    0.3             2.1237735207917425
0.4     0.5    0.2    0.3             2.3302418791070516
0.5     0.6    0.2    0.3             2.3834493278672895
0.6     0.7    0.2    0.3             2.5232135647961242
0.7     0.8    0.2    0.3             2.5541479362484676
0.8     0.9    0.2    0.3             2.543752543752544
0.9     1.0    0.2    0.3             2.5021268077866186
1.0     1.1    0.2    0.3             2.479912707072711
1.1     1.2    0.2    0.3             2.551541130843029
1.2     1.3    0.2    0.3             2.5162296814453224
1.3     1.4    0.2    0.3             2.406623026569118
1.4     1.5    0.2    0.3             2.3078698361412417
1.5     1.6    0.2    0.3             2.320508655497285
1.6     1.7    0.2    0.3             2.3163161308255353
1.7     1.8    0.2    0.3             2.2786309984961033
1.8     1.9    0.2    0.3             2.205947233742169
1.9     2.0    0.2    0.3             2.2419513944937677
2.0     2.1    0.2    0.3             2.233838180762185
2.1     2.2    0.2    0.3             2.213270771546191
2.2     2.3    0.2    0.3             2.142795920116568
2.3     2.4    0.2    0.3             2.15526531316005
2.4     2.5    0.2    0.3             2.150445142144424
0.0     0.1    0.3    0.4             1.9151951583866398
0.1     0.2    0.3    0.4             1.9562580695645369
0.2     0.3    0.3    0.4             2.0544849406253856
0.3     0.4    0.3    0.4             2.1634719397689413
0.4     0.5    0.3    0.4             2.243359655419957
0.5     0.6    0.3    0.4             2.3433472371936075
0.6     0.7    0.3    0.4             2.456519603026432
0.7     0.8    0.3    0.4             2.5248699691965864
0.8     0.9    0.3    0.4             2.631717458813622
0.9     1.0    0.3    0.4             2.576921094676081
1.0     1.1    0.3    0.4             2.5288286465709082
1.1     1.2    0.3    0.4             2.461841457410143
1.2     1.3    0.3    0.4             2.502001601281025
1.3     1.4    0.3    0.4             2.4361722861040733
1.4     1.5    0.3    0.4             2.361944352591053
1.5     1.6    0.3    0.4             2.313101406365655
1.6     1.7    0.3    0.4             2.327205026762858
1.7     1.8    0.3    0.4             2.296211251435132
1.8     1.9    0.3    0.4             2.2531656978054166
1.9     2.0    0.3    0.4             2.23074863924333
2.0     2.1    0.3    0.4             2.254283137962128
2.1     2.2    0.3    0.4             2.197802197802198
2.2     2.3    0.3    0.4             2.22667557336896
2.3     2.4    0.3    0.4             2.121700755325469
2.4     2.5    0.3    0.4             2.110862498416853
0.0     0.1    0.4    0.5             1.917251428352314
0.1     0.2    0.4    0.5             1.9604767879548306
0.2     0.3    0.4    0.5             2.0223264843876394
0.3     0.4    0.4    0.5             2.115417160264004
0.4     0.5    0.4    0.5             2.2535719114796957
0.5     0.6    0.4    0.5             2.3335044569935133
0.6     0.7    0.4    0.5             2.9961649089165867
0.7     0.8    0.4    0.5             2.5124365609768353
0.8     0.9    0.4    0.5             2.543881963876876
0.9     1.0    0.4    0.5             2.617115938236064
1.0     1.1    0.4    0.5             2.5469920024451125
1.1     1.2    0.4    0.5             2.460872133083965
1.2     1.3    0.4    0.5             2.486201581224206
1.3     1.4    0.4    0.5             2.4140594824256474
1.4     1.5    0.4    0.5             2.3509497837126196
1.5     1.6    0.4    0.5             2.2767633532170666
1.6     1.7    0.4    0.5             2.26510827217541
1.7     1.8    0.4    0.5             2.3114973880079517
1.8     1.9    0.4    0.5             2.265313519391084
1.9     2.0    0.4    0.5             2.1900048180105998
2.0     2.1    0.4    0.5             2.21004243281471
2.1     2.2    0.4    0.5             2.1272974812797822
2.2     2.3    0.4    0.5             2.1865570472733635
2.3     2.4    0.4    0.5             2.1873222800647447
2.4     2.5    0.4    0.5             2.1262119408062596
0.0     0.1    0.5    0.6             1.918870169244349
0.1     0.2    0.5    0.6             1.9889414853415013
0.2     0.3    0.5    0.6             2.0171050508310473
0.3     0.4    0.5    0.6             2.0717659733156544
0.4     0.5    0.5    0.6             2.256215874734895
0.5     0.6    0.5    0.6             2.3701175578308686
0.6     0.7    0.5    0.6             2.485089463220676
0.7     0.8    0.5    0.6             2.5909420665353924
0.8     0.9    0.5    0.6             2.6460626587637597
0.9     1.0    0.5    0.6             2.622056741307882
1.0     1.1    0.5    0.6             2.617252931323283
1.1     1.2    0.5    0.6             2.5201612903225805
1.2     1.3    0.5    0.6             2.54569522936714
1.3     1.4    0.5    0.6             2.397506593143131
1.4     1.5    0.5    0.6             2.3583793217301072
1.5     1.6    0.5    0.6             2.299696440069911
1.6     1.7    0.5    0.6             2.3056349718712537
1.7     1.8    0.5    0.6             2.302237775117414
1.8     1.9    0.5    0.6             2.311390532544379
1.9     2.0    0.5    0.6             2.212781023189945
2.0     2.1    0.5    0.6             2.2202486678507993
2.1     2.2    0.5    0.6             2.1482277121374866
2.2     2.3    0.5    0.6             2.151555574680494
2.3     2.4    0.5    0.6             2.161227577263886
2.4     2.5    0.5    0.6             2.1355657113569384
0.0     0.1    0.6    0.7             1.9286403085824493
0.1     0.2    0.6    0.7             1.9196068645141475
0.2     0.3    0.6    0.7             1.986965506278811
0.3     0.4    0.6    0.7             2.113271344040575
0.4     0.5    0.6    0.7             2.2660321776569226
0.5     0.6    0.6    0.7             2.3860653781913626
0.6     0.7    0.6    0.7             2.5548004700832867
0.7     0.8    0.6    0.7             2.6467630088401886
0.8     0.9    0.6    0.7             2.6195840100592025
0.9     1.0    0.6    0.7             2.6662400682557457
1.0     1.1    0.6    0.7             2.6111024074364195
1.1     1.2    0.6    0.7             2.5508902607009847
1.2     1.3    0.6    0.7             2.5480303725220406
1.3     1.4    0.6    0.7             2.4200183921397804
1.4     1.5    0.6    0.7             2.309682187730968
1.5     1.6    0.6    0.7             2.294946527745904
1.6     1.7    0.6    0.7             2.2603978300180834
1.7     1.8    0.6    0.7             2.2663403136614995
1.8     1.9    0.6    0.7             2.217589923271389
1.9     2.0    0.6    0.7             2.243661655822302
2.0     2.1    0.6    0.7             2.2342374547566917
2.1     2.2    0.6    0.7             2.1940409846855937
2.2     2.3    0.6    0.7             2.2005105184402782
2.3     2.4    0.6    0.7             2.161134163208852
2.4     2.5    0.6    0.7             2.2077004592016953
0.0     0.1    0.7    0.8             1.8628912071535022
0.1     0.2    0.7    0.8             1.9590173568937819
0.2     0.3    0.7    0.8             2.00988865216867
0.3     0.4    0.7    0.8             2.0842886322897995
0.4     0.5    0.7    0.8             2.19693308141834
0.5     0.6    0.7    0.8             2.4029219530949635
0.6     0.7    0.7    0.8             2.488428806051859
0.7     0.8    0.7    0.8             2.6304713804713806
0.8     0.9    0.7    0.8             2.735678721890901
0.9     1.0    0.7    0.8             2.687016337059329
1.0     1.1    0.7    0.8             2.6709401709401708
1.1     1.2    0.7    0.8             2.7107617240444566
1.2     1.3    0.7    0.8             2.660140455416046
1.3     1.4    0.7    0.8             2.5468622656886715
1.4     1.5    0.7    0.8             2.5114269928173187
1.5     1.6    0.7    0.8             2.457727093983484
1.6     1.7    0.7    0.8             2.432143204591886
1.7     1.8    0.7    0.8             2.3341580691844452
1.8     1.9    0.7    0.8             2.374281779761622
1.9     2.0    0.7    0.8             2.2911607020116387
2.0     2.1    0.7    0.8             2.2965276501929086
2.1     2.2    0.7    0.8             2.315136361531694
2.2     2.3    0.7    0.8             2.344116268166901
2.3     2.4    0.7    0.8             2.211704339363914
2.4     2.5    0.7    0.8             2.265826800199393
0.0     0.1    0.8    0.9             1.887148518588413
0.1     0.2    0.8    0.9             1.9308746862328634
0.2     0.3    0.8    0.9             1.960861210243539
0.3     0.4    0.8    0.9             2.059732234809475
0.4     0.5    0.8    0.9             2.1696680407897593
0.5     0.6    0.8    0.9             2.4361722861040733
0.6     0.7    0.8    0.9             2.5030036043251904
0.7     0.8    0.8    0.9             2.651535238903325
0.8     0.9    0.8    0.9             2.6987639661035243
0.9     1.0    0.8    0.9             2.7566435108611755
1.0     1.1    0.8    0.9             2.9243186337583342
1.1     1.2    0.8    0.9             2.737476047084588
1.2     1.3    0.8    0.9             2.7950136955671083
1.3     1.4    0.8    0.9             2.713115198871344
1.4     1.5    0.8    0.9             2.7044569450454348
1.5     1.6    0.8    0.9             2.6300562832044605
1.6     1.7    0.8    0.9             2.703725734061537
1.7     1.8    0.8    0.9             2.6518164942985947
1.8     1.9    0.8    0.9             2.6551962190005844
1.9     2.0    0.8    0.9             2.635184989986297
2.0     2.1    0.8    0.9             2.6040310400499975
2.1     2.2    0.8    0.9             2.588661661920787
2.2     2.3    0.8    0.9             2.6106934001670843
2.3     2.4    0.8    0.9             2.6282590412111015
2.4     2.5    0.8    0.9             2.6537869539833343
0.0     0.1    0.9    1.0             1.8768768768768769
0.1     0.2    0.9    1.0             1.9306510155224341
0.2     0.3    0.9    1.0             1.984363217843394
0.3     0.4    0.9    1.0             2.034174125305126
0.4     0.5    0.9    1.0             2.224595123687489
0.5     0.6    0.9    1.0             2.316101537891421
0.6     0.7    0.9    1.0             2.490163852781513
0.7     0.8    0.9    1.0             2.722273642946589
0.8     0.9    0.9    1.0             2.7757730527952034
0.9     1.0    0.9    1.0             2.8928488775746355
1.0     1.1    0.9    1.0             3.1328320802005014
1.1     1.2    0.9    1.0             3.006253006253006
1.2     1.3    0.9    1.0             2.958229795290498
1.3     1.4    0.9    1.0             3.034717164360282
1.4     1.5    0.9    1.0             3.0712530712530715
1.5     1.6    0.9    1.0             3.0328763799587533
1.6     1.7    0.9    1.0             3.077870113881194
1.7     1.8    0.9    1.0             3.1440608690184244
1.8     1.9    0.9    1.0             3.2241423781274183
1.9     2.0    0.9    1.0             3.2166752444673183
2.0     2.1    0.9    1.0             3.269897325223988
2.1     2.2    0.9    1.0             3.426535087719298
2.2     2.3    0.9    1.0             3.4456619116532288
2.3     2.4    0.9    1.0             3.518648838845883
2.4     2.5    0.9    1.0             3.7009622501850483
