0.0     0.1    -1.0    -0.9            2.324824475752081
0.1     0.2    -1.0    -0.9            2.3249325769552684
0.2     0.3    -1.0    -0.9            2.321047256522143
0.3     0.4    -1.0    -0.9            2.4847189782835564
0.4     0.5    -1.0    -0.9            2.5197802751600062
0.5     0.6    -1.0    -0.9            2.746196517822815
0.6     0.7    -1.0    -0.9            2.8898393249335337
0.7     0.8    -1.0    -0.9            2.9330674018888954
0.8     0.9    -1.0    -0.9            3.15357931251971
0.9     1.0    -1.0    -0.9            3.442577802258331
1.0     1.1    -1.0    -0.9            3.494304284017052
1.1     1.2    -1.0    -0.9            3.7916129521498445
1.2     1.3    -1.0    -0.9            4.230476351637194
1.3     1.4    -1.0    -0.9            4.417351356126866
1.4     1.5    -1.0    -0.9            5.265153110652458
1.5     1.6    -1.0    -0.9            5.049433958453257
1.6     1.7    -1.0    -0.9            5.794279886895657
1.7     1.8    -1.0    -0.9            6.923002367666809
1.8     1.9    -1.0    -0.9            7.517666516313336
1.9     2.0    -1.0    -0.9            8.193229115458985
2.0     2.1    -1.0    -0.9            8.160334247290768
2.1     2.2    -1.0    -0.9            8.738967054094207
2.2     2.3    -1.0    -0.9            10.60535358248844
2.3     2.4    -1.0    -0.9            11.402508551881414
2.4     2.5    -1.0    -0.9            12.435026984008555
0.0     0.1    -0.9    -0.8            2.2578460149017836
0.1     0.2    -0.9    -0.8            2.351834430856068
0.2     0.3    -0.9    -0.8            2.3795926137445274
0.3     0.4    -0.9    -0.8            2.429779376032656
0.4     0.5    -0.9    -0.8            2.5638396061942363
0.5     0.6    -0.9    -0.8            2.743183189773413
0.6     0.7    -0.9    -0.8            2.808988764044944
0.7     0.8    -0.9    -0.8            2.8617216117216118
0.8     0.9    -0.9    -0.8            3.059039461609055
0.9     1.0    -0.9    -0.8            3.2756813417190775
1.0     1.1    -0.9    -0.8            3.3550291887539423
1.1     1.2    -0.9    -0.8            3.5483642041019094
1.2     1.3    -0.9    -0.8            3.685684800235884
1.3     1.4    -0.9    -0.8            4.085634907664652
1.4     1.5    -0.9    -0.8            4.179204279505182
1.5     1.6    -0.9    -0.8            4.280821917808219
1.6     1.7    -0.9    -0.8            4.590525156077855
1.7     1.8    -0.9    -0.8            4.757373929590866
1.8     1.9    -0.9    -0.8            4.996003197442047
1.9     2.0    -0.9    -0.8            5.0469365095387095
2.0     2.1    -0.9    -0.8            5.4062236446597325
2.1     2.2    -0.9    -0.8            5.046528997355619
2.2     2.3    -0.9    -0.8            5.372646780710049
2.3     2.4    -0.9    -0.8            5.5735146583435515
2.4     2.5    -0.9    -0.8            5.429294300326844
0.0     0.1    -0.8    -0.7            2.2645953168168846
0.1     0.2    -0.8    -0.7            2.3727044084847906
0.2     0.3    -0.8    -0.7            2.335357309668379
0.3     0.4    -0.8    -0.7            2.512562814070352
0.4     0.5    -0.8    -0.7            2.554408909778277
0.5     0.6    -0.8    -0.7            2.6516758591429785
0.6     0.7    -0.8    -0.7            2.7587728978150516
0.7     0.8    -0.8    -0.7            2.866808095866063
0.8     0.9    -0.8    -0.7            2.943947244465379
0.9     1.0    -0.8    -0.7            3.0957835428146865
1.0     1.1    -0.8    -0.7            3.121293464011486
1.1     1.2    -0.8    -0.7            3.3672301165061618
1.2     1.3    -0.8    -0.7            3.394663588838346
1.3     1.4    -0.8    -0.7            3.57347055460263
1.4     1.5    -0.8    -0.7            3.673229503379371
1.5     1.6    -0.8    -0.7            3.7718768859384433
1.6     1.7    -0.8    -0.7            3.7852979029449614
1.7     1.8    -0.8    -0.7            3.781576160943881
1.8     1.9    -0.8    -0.7            4.007052412245552
1.9     2.0    -0.8    -0.7            4.1247318924269925
2.0     2.1    -0.8    -0.7            3.9952057530962843
2.1     2.2    -0.8    -0.7            3.991697269679068
2.2     2.3    -0.8    -0.7            4.096346059315091
2.3     2.4    -0.8    -0.7            4.086302713305002
2.4     2.5    -0.8    -0.7            3.9093041438623923
0.0     0.1    -0.7    -0.6            2.2900064120179535
0.1     0.2    -0.7    -0.6            2.3497344800037596
0.2     0.3    -0.7    -0.6            2.338962436263274
0.3     0.4    -0.7    -0.6            2.4826216484607744
0.4     0.5    -0.7    -0.6            2.525252525252525
0.5     0.6    -0.7    -0.6            2.654491399447866
0.6     0.7    -0.7    -0.6            2.697599136768276
0.7     0.8    -0.7    -0.6            2.743183189773413
0.8     0.9    -0.7    -0.6            2.8401022436807724
0.9     1.0    -0.7    -0.6            2.956480605487228
1.0     1.1    -0.7    -0.6            2.9701793988356897
1.1     1.2    -0.7    -0.6            3.054554340521718
1.2     1.3    -0.7    -0.6            3.118957020772254
1.3     1.4    -0.7    -0.6            3.3742745309758404
1.4     1.5    -0.7    -0.6            3.438316600192546
1.5     1.6    -0.7    -0.6            3.3433634236041456
1.6     1.7    -0.7    -0.6            3.3633795237454596
1.7     1.8    -0.7    -0.6            3.6242389098289363
1.8     1.9    -0.7    -0.6            3.4678873630184492
1.9     2.0    -0.7    -0.6            3.4913763005376723
2.0     2.1    -0.7    -0.6            3.4582929865818235
2.1     2.2    -0.7    -0.6            3.497726477789437
2.2     2.3    -0.7    -0.6            3.4638032559750607
2.3     2.4    -0.7    -0.6            3.4705351565211355
2.4     2.5    -0.7    -0.6            3.4055305816646233
0.0     0.1    -0.6    -0.5            2.3829949480507104
0.1     0.2    -0.6    -0.5            2.3360119603812373
0.2     0.3    -0.6    -0.5            2.4047710657945367
0.3     0.4    -0.6    -0.5            2.4250654767678723
0.4     0.5    -0.6    -0.5            2.488181139586962
0.5     0.6    -0.6    -0.5            2.5378134199573648
0.6     0.7    -0.6    -0.5            2.7035795393100464
0.7     0.8    -0.6    -0.5            2.7137042062415198
0.8     0.9    -0.6    -0.5            2.8687819151988063
0.9     1.0    -0.6    -0.5            2.9156219021517287
1.0     1.1    -0.6    -0.5            2.8773666340565116
1.1     1.2    -0.6    -0.5            2.9988604330354467
1.2     1.3    -0.6    -0.5            3.0332443581654935
1.3     1.4    -0.6    -0.5            3.075598203850649
1.4     1.5    -0.6    -0.5            3.112937367700162
1.5     1.6    -0.6    -0.5            3.3187309172972257
1.6     1.7    -0.6    -0.5            3.327122704285334
1.7     1.8    -0.6    -0.5            3.3235841531507577
1.8     1.9    -0.6    -0.5            3.3710895361380797
1.9     2.0    -0.6    -0.5            3.2705389848246993
2.0     2.1    -0.6    -0.5            3.342245989304813
2.1     2.2    -0.6    -0.5            3.369953494641774
2.2     2.3    -0.6    -0.5            3.344929087503345
2.3     2.4    -0.6    -0.5            3.2463316452408777
2.4     2.5    -0.6    -0.5            3.4146008331626034
0.0     0.1    -0.5    -0.4            2.3103225210239353
0.1     0.2    -0.5    -0.4            2.3384154896642038
0.2     0.3    -0.5    -0.4            2.381746296384509
0.3     0.4    -0.5    -0.4            2.518637920612533
0.4     0.5    -0.5    -0.4            2.535368389026926
0.5     0.6    -0.5    -0.4            2.6212319790301444
0.6     0.7    -0.5    -0.4            2.625360987135731
0.7     0.8    -0.5    -0.4            2.829654782116582
0.8     0.9    -0.5    -0.4            2.6466229091679017
0.9     1.0    -0.5    -0.4            2.7157677475422304
1.0     1.1    -0.5    -0.4            2.77592715967133
1.1     1.2    -0.5    -0.4            2.7873787490244175
1.2     1.3    -0.5    -0.4            2.9722981809535134
1.3     1.4    -0.5    -0.4            3.109259374417014
1.4     1.5    -0.5    -0.4            2.8873361436738465
1.5     1.6    -0.5    -0.4            2.9477655936799905
1.6     1.7    -0.5    -0.4            3.13302838523717
1.7     1.8    -0.5    -0.4            3.109839532280134
1.8     1.9    -0.5    -0.4            3.179852454846095
1.9     2.0    -0.5    -0.4            3.2086247834178274
2.0     2.1    -0.5    -0.4            3.247807729782397
2.1     2.2    -0.5    -0.4            3.1127435721845234
2.2     2.3    -0.5    -0.4            3.1645569620253164
2.3     2.4    -0.5    -0.4            3.093102381688834
2.4     2.5    -0.5    -0.4            3.2886082609839513
0.0     0.1    -0.4    -0.3            2.3749584382273308
0.1     0.2    -0.4    -0.3            2.2947358759006837
0.2     0.3    -0.4    -0.3            2.4088259382377033
0.3     0.4    -0.4    -0.3            2.4708440403241747
0.4     0.5    -0.4    -0.3            2.4572439551798704
0.5     0.6    -0.4    -0.3            2.5349827621172176
0.6     0.7    -0.4    -0.3            2.6288117770767614
0.7     0.8    -0.4    -0.3            2.6540686872976273
0.8     0.9    -0.4    -0.3            2.797359292827571
0.9     1.0    -0.4    -0.3            2.895193977996526
1.0     1.1    -0.4    -0.3            2.847218267752406
1.1     1.2    -0.4    -0.3            2.8267752148349166
1.2     1.3    -0.4    -0.3            2.8524159963489075
1.3     1.4    -0.4    -0.3            2.908498633005643
1.4     1.5    -0.4    -0.3            2.947070611811859
1.5     1.6    -0.4    -0.3            2.9375477351506962
1.6     1.7    -0.4    -0.3            3.081284279287607
1.7     1.8    -0.4    -0.3            3.095400235250418
1.8     1.9    -0.4    -0.3            3.1494079113126734
1.9     2.0    -0.4    -0.3            3.065791894046232
2.0     2.1    -0.4    -0.3            3.1393231619262885
2.1     2.2    -0.4    -0.3            3.113712791132146
2.2     2.3    -0.4    -0.3            3.0738964711668513
2.3     2.4    -0.4    -0.3            3.141295470251932
2.4     2.5    -0.4    -0.3            2.9382382323558796
0.0     0.1    -0.3    -0.2            2.2976885253435047
0.1     0.2    -0.3    -0.2            2.397161760475597
0.2     0.3    -0.3    -0.2            2.3897146680686325
0.3     0.4    -0.3    -0.2            2.478929102627665
0.4     0.5    -0.3    -0.2            2.493765586034913
0.5     0.6    -0.3    -0.2            2.6104207998329327
0.6     0.7    -0.3    -0.2            2.6896180742334588
0.7     0.8    -0.3    -0.2            2.638940201615031
0.8     0.9    -0.3    -0.2            2.6867275658248255
0.9     1.0    -0.3    -0.2            2.6476039184537994
1.0     1.1    -0.3    -0.2            2.6226068712300026
1.1     1.2    -0.3    -0.2            2.723608236191306
1.2     1.3    -0.3    -0.2            2.7590773645293014
1.3     1.4    -0.3    -0.2            2.863524425863353
1.4     1.5    -0.3    -0.2            2.8546959748786755
1.5     1.6    -0.3    -0.2            2.955432084170706
1.6     1.7    -0.3    -0.2            2.961734391659756
1.7     1.8    -0.3    -0.2            2.9239766081871346
1.8     1.9    -0.3    -0.2            2.90646980177876
1.9     2.0    -0.3    -0.2            3.0113225728740063
2.0     2.1    -0.3    -0.2            3.0087856541100013
2.1     2.2    -0.3    -0.2            3.0354541039339487
2.2     2.3    -0.3    -0.2            3.027184113337773
2.3     2.4    -0.3    -0.2            3.0740854595757763
2.4     2.5    -0.3    -0.2            3.1038549878949655
0.0     0.1    -0.2    -0.1            2.361052084808991
0.1     0.2    -0.2    -0.1            2.3655201778871175
0.2     0.3    -0.2    -0.1            2.4065071954565145
0.3     0.4    -0.2    -0.1            2.4980015987210233
0.4     0.5    -0.2    -0.1            2.5037556334501754
0.5     0.6    -0.2    -0.1            2.596053997923157
0.6     0.7    -0.2    -0.1            2.5695051133151754
0.7     0.8    -0.2    -0.1            2.6855731012998176
0.8     0.9    -0.2    -0.1            2.6682320294572817
0.9     1.0    -0.2    -0.1            2.6756568737625086
1.0     1.1    -0.2    -0.1            2.638940201615031
1.1     1.2    -0.2    -0.1            2.6993467580845434
1.2     1.3    -0.2    -0.1            2.794545048066175
1.3     1.4    -0.2    -0.1            2.7794763466562897
1.4     1.5    -0.2    -0.1            2.877035502618102
1.5     1.6    -0.2    -0.1            2.9106997322156247
1.6     1.7    -0.2    -0.1            2.9745969421143434
1.7     1.8    -0.2    -0.1            2.826935037032849
1.8     1.9    -0.2    -0.1            2.9074838634645577
1.9     2.0    -0.2    -0.1            2.9661268315833182
2.0     2.1    -0.2    -0.1            3.027917398413371
2.1     2.2    -0.2    -0.1            2.9098527614502707
2.2     2.3    -0.2    -0.1            3.1363693388533433
2.3     2.4    -0.2    -0.1            2.8533926839011587
2.4     2.5    -0.2    -0.1            3.082234003205523
0.0     0.1    -0.1    0.0             2.243057736306133
0.1     0.2    -0.1    0.0             2.3034044317501268
0.2     0.3    -0.1    0.0             2.452062184296994
0.3     0.4    -0.1    0.0             2.4015369836695486
0.4     0.5    -0.1    0.0             2.4645110410094637
0.5     0.6    -0.1    0.0             2.4658480051289637
0.6     0.7    -0.1    0.0             2.6250853152727465
0.7     0.8    -0.1    0.0             2.6740827896031663
0.8     0.9    -0.1    0.0             2.6184865147944487
0.9     1.0    -0.1    0.0             2.627844641824775
1.0     1.1    -0.1    0.0             2.7088525300682633
1.1     1.2    -0.1    0.0             2.764722145424385
1.2     1.3    -0.1    0.0             2.700658960786432
1.3     1.4    -0.1    0.0             2.7679362267493355
1.4     1.5    -0.1    0.0             2.8953616306676704
1.5     1.6    -0.1    0.0             2.970355848630666
1.6     1.7    -0.1    0.0             2.985609362870962
1.7     1.8    -0.1    0.0             2.865493724568743
1.8     1.9    -0.1    0.0             2.8768699654775602
1.9     2.0    -0.1    0.0             2.916982673122922
2.0     2.1    -0.1    0.0             2.94811320754717
2.1     2.2    -0.1    0.0             3.128519584532599
2.2     2.3    -0.1    0.0             2.901746851604666
2.3     2.4    -0.1    0.0             2.938065577623693
2.4     2.5    -0.1    0.0             2.9959853795913474
0.0     0.1    0.0    0.1              2.3167454360114914
0.1     0.2    0.0    0.1              2.3454357819682894
0.2     0.3    0.0    0.1              2.3623907394283012
0.3     0.4    0.0    0.1              2.4362909905959165
0.4     0.5    0.0    0.1              2.412661648330438
0.5     0.6    0.0    0.1              2.582911457795227
0.6     0.7    0.0    0.1              2.616294280780702
0.7     0.8    0.0    0.1              2.655478251633119
0.8     0.9    0.0    0.1              2.762125731963319
0.9     1.0    0.0    0.1              2.6264642538215055
1.0     1.1    0.0    0.1              2.6484453625721702
1.1     1.2    0.0    0.1              2.781176994103905
1.2     1.3    0.0    0.1              2.737026494416466
1.3     1.4    0.0    0.1              2.794076557697681
1.4     1.5    0.0    0.1              2.839779633100471
1.5     1.6    0.0    0.1              2.935995302407516
1.6     1.7    0.0    0.1              2.8519279032626055
1.7     1.8    0.0    0.1              2.989357885926103
1.8     1.9    0.0    0.1              2.910360884749709
1.9     2.0    0.0    0.1              2.8836726454812847
2.0     2.1    0.0    0.1              3.1246094238220223
2.1     2.2    0.0    0.1              2.899559266991417
2.2     2.3    0.0    0.1              2.9472443265546713
2.3     2.4    0.0    0.1              2.9370300751879697
2.4     2.5    0.0    0.1              3.1589588071771546
0.0     0.1    0.1    0.2              2.3898288882516012
0.1     0.2    0.1    0.2              2.3923444976076556
0.2     0.3    0.1    0.2              2.4033839646221877
0.3     0.4    0.1    0.2              2.4153422539973914
0.4     0.5    0.1    0.2              2.5124365609768353
0.5     0.6    0.1    0.2              2.5234682547693548
0.6     0.7    0.1    0.2              2.5885276454752537
0.7     0.8    0.1    0.2              2.611238771673282
0.8     0.9    0.1    0.2              2.6504108136761197
0.9     1.0    0.1    0.2              2.6758000642192017
1.0     1.1    0.1    0.2              2.7525461051472613
1.1     1.2    0.1    0.2              2.8306159420289854
1.2     1.3    0.1    0.2              2.8926815157651142
1.3     1.4    0.1    0.2              2.732091142560516
1.4     1.5    0.1    0.2              2.9495044832468142
1.5     1.6    0.1    0.2              2.7990819011364274
1.6     1.7    0.1    0.2              2.929973630237328
1.7     1.8    0.1    0.2              2.9663028001898435
1.8     1.9    0.1    0.2              2.8786919223904657
1.9     2.0    0.1    0.2              2.995805871779509
2.0     2.1    0.1    0.2              3.121683211587688
2.1     2.2    0.1    0.2              3.1125498007968124
2.2     2.3    0.1    0.2              3.011866755014758
2.3     2.4    0.1    0.2              3.1312625250501003
2.4     2.5    0.1    0.2              2.97441998810232
0.0     0.1    0.2    0.3              2.4055809477988936
0.1     0.2    0.2    0.3              2.3582680879162345
0.2     0.3    0.2    0.3              2.3980815347721824
0.3     0.4    0.2    0.3              2.3692191053828657
0.4     0.5    0.2    0.3              2.4525432873890223
0.5     0.6    0.2    0.3              2.5494595145829084
0.6     0.7    0.2    0.3              2.6094671468086217
0.7     0.8    0.2    0.3              2.6686592655849704
0.8     0.9    0.2    0.3              2.653505280475508
0.9     1.0    0.2    0.3              2.694255846535187
1.0     1.1    0.2    0.3              2.6270162349603323
1.1     1.2    0.2    0.3              2.7982986344302665
1.2     1.3    0.2    0.3              2.774848770741994
1.3     1.4    0.2    0.3              2.858776443682104
1.4     1.5    0.2    0.3              2.8646728543600317
1.5     1.6    0.2    0.3              2.919878533053025
1.6     1.7    0.2    0.3              2.8719126938541066
1.7     1.8    0.2    0.3              2.9809813390568176
1.8     1.9    0.2    0.3              3.0216957756693055
1.9     2.0    0.2    0.3              3.0790073280374406
2.0     2.1    0.2    0.3              3.237084034701541
2.1     2.2    0.2    0.3              3.121488325633662
2.2     2.3    0.2    0.3              3.061474406073965
2.3     2.4    0.2    0.3              2.9578797917652624
2.4     2.5    0.2    0.3              3.017319413433106
0.0     0.1    0.3    0.4              2.3030861354214647
0.1     0.2    0.3    0.4              2.348410126344465
0.2     0.3    0.3    0.4              2.364737041241014
0.3     0.4    0.3    0.4              2.4208385784835866
0.4     0.5    0.3    0.4              2.5393600812595225
0.5     0.6    0.3    0.4              2.5842464337399216
0.6     0.7    0.3    0.4              2.5951108112316397
0.7     0.8    0.3    0.4              2.603624244948969
0.8     0.9    0.3    0.4              2.701680445236937
0.9     1.0    0.3    0.4              2.841554898840646
1.0     1.1    0.3    0.4              2.8189660032700004
1.1     1.2    0.3    0.4              2.7920482465937013
1.2     1.3    0.3    0.4              2.9036004645760745
1.3     1.4    0.3    0.4              2.847704749971523
1.4     1.5    0.3    0.4              2.9543843063105646
1.5     1.6    0.3    0.4              2.9368575624082234
1.6     1.7    0.3    0.4              2.9270577215782696
1.7     1.8    0.3    0.4              3.0046271257736916
1.8     1.9    0.3    0.4              3.001741009785676
1.9     2.0    0.3    0.4              2.9408304905305256
2.0     2.1    0.3    0.4              3.070687219799791
2.1     2.2    0.3    0.4              3.1623553222440077
2.2     2.3    0.3    0.4              2.9392745870319206
2.3     2.4    0.3    0.4              3.0303030303030303
2.4     2.5    0.3    0.4              3.117401334247771
0.0     0.1    0.4    0.5              2.3776689333777163
0.1     0.2    0.4    0.5              2.3098955927192093
0.2     0.3    0.4    0.5              2.401652336807724
0.3     0.4    0.4    0.5              2.390857361449816
0.4     0.5    0.4    0.5              2.533954996959254
0.5     0.6    0.4    0.5              2.5926886180969664
0.6     0.7    0.4    0.5              2.6453626792233216
0.7     0.8    0.4    0.5              2.6483050847457625
0.8     0.9    0.4    0.5              2.7466490881125027
0.9     1.0    0.4    0.5              2.8468940386038835
1.0     1.1    0.4    0.5              2.8277344191833502
1.1     1.2    0.4    0.5              2.7892446725426754
1.2     1.3    0.4    0.5              2.958930050893597
1.3     1.4    0.4    0.5              2.9543843063105646
1.4     1.5    0.4    0.5              2.959981056121241
1.5     1.6    0.4    0.5              3.013863773357444
1.6     1.7    0.4    0.5              3.1170126550713797
1.7     1.8    0.4    0.5              2.9659508838533633
1.8     1.9    0.4    0.5              3.096358682189745
1.9     2.0    0.4    0.5              3.294241665568586
2.0     2.1    0.4    0.5              3.1713814537612586
2.1     2.2    0.4    0.5              3.134992789516584
2.2     2.3    0.4    0.5              3.1790437436419126
2.3     2.4    0.4    0.5              3.0746525642602385
2.4     2.5    0.4    0.5              2.991683120923832
0.0     0.1    0.5    0.6              2.2905309450730678
0.1     0.2    0.5    0.6              2.3560456130430687
0.2     0.3    0.5    0.6              2.386748770824383
0.3     0.4    0.5    0.6              2.493268175925002
0.4     0.5    0.5    0.6              2.4968789013732833
0.5     0.6    0.5    0.6              2.611784371082323
0.6     0.7    0.5    0.6              2.7634996960150335
0.7     0.8    0.5    0.6              2.849002849002849
0.8     0.9    0.5    0.6              2.804891731179177
0.9     1.0    0.5    0.6              3.0031833743768392
1.0     1.1    0.5    0.6              2.8935185185185186
1.1     1.2    0.5    0.6              2.987036262620228
1.2     1.3    0.5    0.6              3.0567952558537628
1.3     1.4    0.5    0.6              3.108486167236556
1.4     1.5    0.5    0.6              3.1259768677711786
1.5     1.6    0.5    0.6              3.07540902940091
1.6     1.7    0.5    0.6              3.186336986999745
1.7     1.8    0.5    0.6              3.2045119528295842
1.8     1.9    0.5    0.6              3.3688182185689257
1.9     2.0    0.5    0.6              3.2100667693888036
2.0     2.1    0.5    0.6              3.2951100566758926
2.1     2.2    0.5    0.6              3.331778503365096
2.2     2.3    0.5    0.6              3.1883688305063127
2.3     2.4    0.5    0.6              3.186336986999745
2.4     2.5    0.5    0.6              3.2172961842867256
0.0     0.1    0.6    0.7              2.3342670401493932
0.1     0.2    0.6    0.7              2.422011238132145
0.2     0.3    0.6    0.7              2.389257896497348
0.3     0.4    0.6    0.7              2.3850410227055905
0.4     0.5    0.6    0.7              2.559770644550248
0.5     0.6    0.6    0.7              2.5169896803423106
0.6     0.7    0.6    0.7              2.7580120249324285
0.7     0.8    0.6    0.7              2.7586206896551726
0.8     0.9    0.6    0.7              2.886002886002886
0.9     1.0    0.6    0.7              2.9449876310519496
1.0     1.1    0.6    0.7              3.089852923000865
1.1     1.2    0.6    0.7              3.3302251232183293
1.2     1.3    0.6    0.7              3.1310664412298825
1.3     1.4    0.6    0.7              3.266906239790918
1.4     1.5    0.6    0.7              3.3756413718606533
1.5     1.6    0.6    0.7              3.4305317324185247
1.6     1.7    0.6    0.7              3.4811668871405694
1.7     1.8    0.6    0.7              3.5408257205580345
1.8     1.9    0.6    0.7              3.6064627813040966
1.9     2.0    0.6    0.7              3.464523281596452
2.0     2.1    0.6    0.7              3.4746351633078527
2.1     2.2    0.6    0.7              3.421142661648991
2.2     2.3    0.6    0.7              3.63901018922853
2.3     2.4    0.6    0.7              3.5732151790180806
2.4     2.5    0.6    0.7              3.455425017277125
0.0     0.1    0.7    0.8              2.308296015881077
0.1     0.2    0.7    0.8              2.329699002888827
0.2     0.3    0.7    0.8              2.4629328604502243
0.3     0.4    0.7    0.8              2.4026910139356077
0.4     0.5    0.7    0.8              2.632548833780867
0.5     0.6    0.7    0.8              2.578249883978755
0.6     0.7    0.7    0.8              2.6933850463262226
0.7     0.8    0.7    0.8              2.773771219349828
0.8     0.9    0.7    0.8              2.808673182788451
0.9     1.0    0.7    0.8              2.943254061690605
1.0     1.1    0.7    0.8              3.128128128128128
1.1     1.2    0.7    0.8              3.338675213675214
1.2     1.3    0.7    0.8              3.401591945030274
1.3     1.4    0.7    0.8              3.5727045373347623
1.4     1.5    0.7    0.8              3.6424564726451516
1.5     1.6    0.7    0.8              3.7750094375235936
1.6     1.7    0.7    0.8              4.127115146512588
1.7     1.8    0.7    0.8              3.9397998581672056
1.8     1.9    0.7    0.8              4.215140785702243
1.9     2.0    0.7    0.8              4.018323555412682
2.0     2.1    0.7    0.8              4.1459369817578775
2.1     2.2    0.7    0.8              4.039098473220776
2.2     2.3    0.7    0.8              4.058771004139946
2.3     2.4    0.7    0.8              4.158004158004158
2.4     2.5    0.7    0.8              4.1277965821844305
0.0     0.1    0.8    0.9              2.328939400996786
0.1     0.2    0.8    0.9              2.31878681074062
0.2     0.3    0.8    0.9              2.3828813801648954
0.3     0.4    0.8    0.9              2.3947507064514584
0.4     0.5    0.8    0.9              2.497253021676156
0.5     0.6    0.8    0.9              2.5948414551870878
0.6     0.7    0.8    0.9              2.7389756231169544
0.7     0.8    0.8    0.9              2.8431707039690663
0.8     0.9    0.8    0.9              3.071630421427694
0.9     1.0    0.8    0.9              3.0801453828620713
1.0     1.1    0.8    0.9              3.3719989209603454
1.1     1.2    0.8    0.9              3.537318712415989
1.2     1.3    0.8    0.9              3.8205853136700543
1.3     1.4    0.8    0.9              3.931435760339676
1.4     1.5    0.8    0.9              4.033233846898443
1.5     1.6    0.8    0.9              4.601932811780948
1.6     1.7    0.8    0.9              4.697040864255519
1.7     1.8    0.8    0.9              4.862867146469558
1.8     1.9    0.8    0.9              4.927079227433977
1.9     2.0    0.8    0.9              5.311859256977128
2.0     2.1    0.8    0.9              4.953437685753913
2.1     2.2    0.8    0.9              4.931939238508582
2.2     2.3    0.8    0.9              5.1324690255494305
2.3     2.4    0.8    0.9              5.557716889901629
2.4     2.5    0.8    0.9              5.467707718216214
0.0     0.1    0.9    1.0              2.357156326607581
0.1     0.2    0.9    1.0              2.3793661368611403
0.2     0.3    0.9    1.0              2.397391637897967
0.3     0.4    0.9    1.0              2.450499901980004
0.4     0.5    0.9    1.0              2.551671344730799
0.5     0.6    0.9    1.0              2.7833444667112
0.6     0.7    0.9    1.0              2.828214265512755
0.7     0.8    0.9    1.0              2.87092328892972
0.8     0.9    0.9    1.0              3.0637254901960786
0.9     1.0    0.9    1.0              3.181876034109711
1.0     1.1    0.9    1.0              3.4002040122407347
1.1     1.2    0.9    1.0              3.7659109738645777
1.2     1.3    0.9    1.0              4.199916001679966
1.3     1.4    0.9    1.0              4.775093114315729
1.4     1.5    0.9    1.0              5.038646418026262
1.5     1.6    0.9    1.0              5.063547521393488
1.6     1.7    0.9    1.0              5.735852519760011
1.7     1.8    0.9    1.0              6.195710090333453
1.8     1.9    0.9    1.0              7.255314517884351
1.9     2.0    0.9    1.0              7.312186490004241
2.0     2.1    0.9    1.0              7.9287050838857
2.1     2.2    0.9    1.0              9.324530976091902
2.2     2.3    0.9    1.0              10.13890297069857
2.3     2.4    0.9    1.0              10.422312085713095
2.4     2.5    0.9    1.0              10.7774879831009
