0.0     0.1    -1.0    -0.9   1.9853087155052611
0.1     0.2    -1.0    -0.9   1.9818462880019025
0.2     0.3    -1.0    -0.9   2.055244985202236
0.3     0.4    -1.0    -0.9   2.0704791088657917
0.4     0.5    -1.0    -0.9   2.0959087860496313
0.5     0.6    -1.0    -0.9   2.231047253580831
0.6     0.7    -1.0    -0.9   2.260500022605
0.7     0.8    -1.0    -0.9   2.4262422360248443
0.8     0.9    -1.0    -0.9   2.546602831822349
0.9     1.0    -1.0    -0.9   2.7015344715798575
1.0     1.1    -1.0    -0.9   2.89452356142179
1.1     1.2    -1.0    -0.9   3.25055259394097
1.2     1.3    -1.0    -0.9   3.37609723160027
1.3     1.4    -1.0    -0.9   3.6859565057132326
1.4     1.5    -1.0    -0.9   4.110827920743238
1.5     1.6    -1.0    -0.9   4.458712323880863
1.6     1.7    -1.0    -0.9   5.045255945834132
1.7     1.8    -1.0    -0.9   5.17378752289401
1.8     1.9    -1.0    -0.9   5.584969729464066
1.9     2.0    -1.0    -0.9   5.941488223970341
2.0     2.1    -1.0    -0.9   6.421700209347427
2.1     2.2    -1.0    -0.9   6.496543838677823
2.2     2.3    -1.0    -0.9   6.898454746136866
2.3     2.4    -1.0    -0.9   7.331378299120234
2.4     2.5    -1.0    -0.9   7.6685940399687125
0.0     0.1    -0.9    -0.8   1.9409184426070418
0.1     0.2    -0.9    -0.8   1.9616305072776492
0.2     0.3    -0.9    -0.8   1.9932230416583616
0.3     0.4    -0.9    -0.8   2.013774215634943
0.4     0.5    -0.9    -0.8   2.0574438317833925
0.5     0.6    -0.9    -0.8   2.1178364183150493
0.6     0.7    -0.9    -0.8   2.182548343445807
0.7     0.8    -0.9    -0.8   2.4095224326538482
0.8     0.9    -0.9    -0.8   2.5094102885821834
0.9     1.0    -0.9    -0.8   2.5697692347227217
1.0     1.1    -0.9    -0.8   2.817695125387433
1.1     1.2    -0.9    -0.8   2.9747739171822944
1.2     1.3    -0.9    -0.8   3.226847370119393
1.3     1.4    -0.9    -0.8   3.2756813417190775
1.4     1.5    -0.9    -0.8   3.4036759700476513
1.5     1.6    -0.9    -0.8   3.6584473549425622
1.6     1.7    -0.9    -0.8   3.912363067292645
1.7     1.8    -0.9    -0.8   3.8816862044872296
1.8     1.9    -0.9    -0.8   3.8434929664078714
1.9     2.0    -0.9    -0.8   4.090314136125654
2.0     2.1    -0.9    -0.8   4.393287057376329
2.1     2.2    -0.9    -0.8   4.339147791373774
2.2     2.3    -0.9    -0.8   4.323389537397319
2.3     2.4    -0.9    -0.8   4.326382279138184
2.4     2.5    -0.9    -0.8   4.394059231918446
0.0     0.1    -0.8    -0.7   1.9340863376141113
0.1     0.2    -0.8    -0.7   1.9639420244314387
0.2     0.3    -0.8    -0.7   1.9683489489016615
0.3     0.4    -0.8    -0.7   2.025275437459494
0.4     0.5    -0.8    -0.7   2.0661157024793386
0.5     0.6    -0.8    -0.7   2.1627233011808467
0.6     0.7    -0.8    -0.7   2.1925016443762333
0.7     0.8    -0.8    -0.7   2.297582942744233
0.8     0.9    -0.8    -0.7   2.390057361376673
0.9     1.0    -0.8    -0.7   2.552062066149449
1.0     1.1    -0.8    -0.7   2.7148829885431938
1.1     1.2    -0.8    -0.7   2.8391346317642383
1.2     1.3    -0.8    -0.7   2.9959853795913474
1.3     1.4    -0.8    -0.7   3.0184123151222457
1.4     1.5    -0.8    -0.7   3.0193236714975846
1.5     1.6    -0.8    -0.7   3.2588150948315193
1.6     1.7    -0.8    -0.7   3.272893892779996
1.7     1.8    -0.8    -0.7   3.402286336418073
1.8     1.9    -0.8    -0.7   3.2935906725512156
1.9     2.0    -0.8    -0.7   3.469331112961421
2.0     2.1    -0.8    -0.7   3.404603023287485
2.1     2.2    -0.8    -0.7   3.5270880361173815
2.2     2.3    -0.8    -0.7   3.4916201117318435
2.3     2.4    -0.8    -0.7   3.456858407079646
2.4     2.5    -0.8    -0.7   3.4539928156949435
0.0     0.1    -0.7    -0.6   1.9569471624266144
0.1     0.2    -0.7    -0.6   1.9801195992237932
0.2     0.3    -0.7    -0.6   1.995848634839534
0.3     0.4    -0.7    -0.6   1.9890206062534805
0.4     0.5    -0.7    -0.6   2.0185708518368997
0.5     0.6    -0.7    -0.6   2.17296827466319
0.6     0.7    -0.7    -0.6   2.099693444757065
0.7     0.8    -0.7    -0.6   2.2780081097088707
0.8     0.9    -0.7    -0.6   2.3695559452158665
0.9     1.0    -0.7    -0.6   2.5275502982509352
1.0     1.1    -0.7    -0.6   2.5712228735986837
1.1     1.2    -0.7    -0.6   2.611920806561145
1.2     1.3    -0.7    -0.6   2.772694504519492
1.3     1.4    -0.7    -0.6   2.8841716658975542
1.4     1.5    -0.7    -0.6   2.9745969421143434
1.5     1.6    -0.7    -0.6   2.9783178460805337
1.6     1.7    -0.7    -0.6   2.958754955914551
1.7     1.8    -0.7    -0.6   3.072763028515241
1.8     1.9    -0.7    -0.6   3.0982773577890694
1.9     2.0    -0.7    -0.6   3.194275857663068
2.0     2.1    -0.7    -0.6   3.0564215416590255
2.1     2.2    -0.7    -0.6   3.181066293421555
2.2     2.3    -0.7    -0.6   3.0740854595757763
2.3     2.4    -0.7    -0.6   3.1484163465776716
2.4     2.5    -0.7    -0.6   3.1131311873482352
0.0     0.1    -0.6    -0.5   1.9728535353535352
0.1     0.2    -0.6    -0.5   1.9422001243008078
0.2     0.3    -0.6    -0.5   1.9564111593692532
0.3     0.4    -0.6    -0.5   2.00988865216867
0.4     0.5    -0.6    -0.5   2.044153720359771
0.5     0.6    -0.6    -0.5   2.107392733709854
0.6     0.7    -0.6    -0.5   2.0890782986546337
0.7     0.8    -0.6    -0.5   2.170233083033118
0.8     0.9    -0.6    -0.5   2.213564724632548
0.9     1.0    -0.6    -0.5   2.3386342376052385
1.0     1.1    -0.6    -0.5   2.4980015987210233
1.1     1.2    -0.6    -0.5   2.5097881738781247
1.2     1.3    -0.6    -0.5   2.5738700710388143
1.3     1.4    -0.6    -0.5   2.7586206896551726
1.4     1.5    -0.6    -0.5   2.7845845399866342
1.5     1.6    -0.6    -0.5   2.847218267752406
1.6     1.7    -0.6    -0.5   2.8118321898549095
1.7     1.8    -0.6    -0.5   2.8968713789107765
1.8     1.9    -0.6    -0.5   2.874885004599816
1.9     2.0    -0.6    -0.5   2.9068077437358295
2.0     2.1    -0.6    -0.5   3.0026423252462164
2.1     2.2    -0.6    -0.5   2.901073397156948
2.2     2.3    -0.6    -0.5   2.911208151382824
2.3     2.4    -0.6    -0.5   2.926715055022243
2.4     2.5    -0.6    -0.5   2.9049500348594
0.0     0.1    -0.5    -0.4   1.9907628603280778
0.1     0.2    -0.5    -0.4   1.9535065442469233
0.2     0.3    -0.5    -0.4   1.9687364649368038
0.3     0.4    -0.5    -0.4   1.9979221609526094
0.4     0.5    -0.5    -0.4   2.0345052083333335
0.5     0.6    -0.5    -0.4   2.036245163917736
0.6     0.7    -0.5    -0.4   2.16797467805576
0.7     0.8    -0.5    -0.4   2.142979598834219
0.8     0.9    -0.5    -0.4   2.2874919937780214
0.9     1.0    -0.5    -0.4   2.335575485799701
1.0     1.1    -0.5    -0.4   2.479912707072711
1.1     1.2    -0.5    -0.4   2.4585730442051434
1.2     1.3    -0.5    -0.4   2.5614754098360657
1.3     1.4    -0.5    -0.4   2.6071540306601313
1.4     1.5    -0.5    -0.4   2.6790976799014095
1.5     1.6    -0.5    -0.4   2.674225811627534
1.6     1.7    -0.5    -0.4   2.7525461051472613
1.7     1.8    -0.5    -0.4   2.866150759529951
1.8     1.9    -0.5    -0.4   2.846569883290635
1.9     2.0    -0.5    -0.4   2.801591303860593
2.0     2.1    -0.5    -0.4   2.7583163237160035
2.1     2.2    -0.5    -0.4   2.816266756787203
2.2     2.3    -0.5    -0.4   2.848515923204011
2.3     2.4    -0.5    -0.4   2.920901974529735
2.4     2.5    -0.5    -0.4   2.898886827458256
0.0     0.1    -0.4    -0.3   1.8960221455386599
0.1     0.2    -0.4    -0.3   1.9633250873679666
0.2     0.3    -0.4    -0.3   1.9780828421094276
0.3     0.4    -0.4    -0.3   1.9841269841269842
0.4     0.5    -0.4    -0.3   2.043318348998774
0.5     0.6    -0.4    -0.3   2.043903037239913
0.6     0.7    -0.4    -0.3   2.117567338641369
0.7     0.8    -0.4    -0.3   2.161227577263886
0.8     0.9    -0.4    -0.3   2.2302511262768188
0.9     1.0    -0.4    -0.3   2.2747952684258417
1.0     1.1    -0.4    -0.3   2.292841748062549
1.1     1.2    -0.4    -0.3   2.4826216484607744
1.2     1.3    -0.4    -0.3   2.5191455058444174
1.3     1.4    -0.4    -0.3   2.5192724341210257
1.4     1.5    -0.4    -0.3   2.6275684481580743
1.5     1.6    -0.4    -0.3   2.7386755764912087
1.6     1.7    -0.4    -0.3   2.7344818156959256
1.7     1.8    -0.4    -0.3   2.7954825002795483
1.8     1.9    -0.4    -0.3   2.7807129748067405
1.9     2.0    -0.4    -0.3   2.796420581655481
2.0     2.1    -0.4    -0.3   2.7810223037988764
2.1     2.2    -0.4    -0.3   2.811041772080733
2.2     2.3    -0.4    -0.3   2.9262012055948965
2.3     2.4    -0.4    -0.3   2.7777777777777777
2.4     2.5    -0.4    -0.3   2.8658222043904393
0.0     0.1    -0.3    -0.2   1.9316206297083254
0.1     0.2    -0.3    -0.2   1.9821605550049555
0.2     0.3    -0.3    -0.2   1.9477231116824434
0.3     0.4    -0.3    -0.2   1.9550342130987293
0.4     0.5    -0.3    -0.2   2.0069843053827316
0.5     0.6    -0.3    -0.2   2.0354162426216162
0.6     0.7    -0.3    -0.2   2.09003887472307
0.7     0.8    -0.3    -0.2   2.099517111064455
0.8     0.9    -0.3    -0.2   2.17931395196792
0.9     1.0    -0.3    -0.2   2.251035476319107
1.0     1.1    -0.3    -0.2   2.341701011614837
1.1     1.2    -0.3    -0.2   2.442598925256473
1.2     1.3    -0.3    -0.2   2.384699766299423
1.3     1.4    -0.3    -0.2   2.514837541494819
1.4     1.5    -0.3    -0.2   2.6371308016877637
1.5     1.6    -0.3    -0.2   2.5497195308516063
1.6     1.7    -0.3    -0.2   2.722421866492432
1.7     1.8    -0.3    -0.2   2.7244986922406276
1.8     1.9    -0.3    -0.2   2.768395991362605
1.9     2.0    -0.3    -0.2   2.7265786890609665
2.0     2.1    -0.3    -0.2   2.7779321073392964
2.1     2.2    -0.3    -0.2   2.711937950859684
2.2     2.3    -0.3    -0.2   2.822785524755829
2.3     2.4    -0.3    -0.2   2.8362357479153664
2.4     2.5    -0.3    -0.2   2.8702640642939152
0.0     0.1    -0.2    -0.1   1.9644049817310336
0.1     0.2    -0.2    -0.1   2.0048919363246323
0.2     0.3    -0.2    -0.1   1.9504583577140628
0.3     0.4    -0.2    -0.1   1.9905251005215174
0.4     0.5    -0.2    -0.1   2.0285621551444333
0.5     0.6    -0.2    -0.1   2.068509018699322
0.6     0.7    -0.2    -0.1   2.0972274652908856
0.7     0.8    -0.2    -0.1   2.122871820999448
0.8     0.9    -0.2    -0.1   2.1880880486630785
0.9     1.0    -0.2    -0.1   2.2536734877850897
1.0     1.1    -0.2    -0.1   2.3311110075061774
1.1     1.2    -0.2    -0.1   2.2871780796852845
1.2     1.3    -0.2    -0.1   2.422128566584314
1.3     1.4    -0.2    -0.1   2.524360074721058
1.4     1.5    -0.2    -0.1   2.584380007236264
1.5     1.6    -0.2    -0.1   2.6682320294572817
1.6     1.7    -0.2    -0.1   2.58585022755482
1.7     1.8    -0.2    -0.1   2.5961887948491613
1.8     1.9    -0.2    -0.1   2.792828017650673
1.9     2.0    -0.2    -0.1   2.679959264619178
2.0     2.1    -0.2    -0.1   2.7307482250136537
2.1     2.2    -0.2    -0.1   2.817377584943934
2.2     2.3    -0.2    -0.1   2.6662400682557457
2.3     2.4    -0.2    -0.1   2.913752913752914
2.4     2.5    -0.2    -0.1   2.7862914460852606
0.0     0.1    -0.1    0.0    1.9113149847094801
0.1     0.2    -0.1    0.0    1.9827893881111949
0.2     0.3    -0.1    0.0    2.0103735274013914
0.3     0.4    -0.1    0.0    2.0060180541624875
0.4     0.5    -0.1    0.0    2.0158851751804217
0.5     0.6    -0.1    0.0    2.035830618892508
0.6     0.7    -0.1    0.0    2.0589688683907097
0.7     0.8    -0.1    0.0    2.078656356531138
0.8     0.9    -0.1    0.0    2.1315598755169036
0.9     1.0    -0.1    0.0    2.185792349726776
1.0     1.1    -0.1    0.0    2.3170675193475136
1.1     1.2    -0.1    0.0    2.31535077564251
1.2     1.3    -0.1    0.0    2.389029576186153
1.3     1.4    -0.1    0.0    2.5017512258581007
1.4     1.5    -0.1    0.0    2.5681853202527094
1.5     1.6    -0.1    0.0    2.5681853202527094
1.6     1.7    -0.1    0.0    2.6010508245331114
1.7     1.8    -0.1    0.0    2.6750842651543527
1.8     1.9    -0.1    0.0    2.6967261744242492
1.9     2.0    -0.1    0.0    2.707825616030328
2.0     2.1    -0.1    0.0    2.7574036287431754
2.1     2.2    -0.1    0.0    2.837523409568129
2.2     2.3    -0.1    0.0    2.72524118384477
2.3     2.4    -0.1    0.0    2.753152359451572
2.4     2.5    -0.1    0.0    2.792984024131382
0.0     0.1    0.0    0.1     1.9635563933396167
0.1     0.2    0.0    0.1     1.9422001243008078
0.2     0.3    0.0    0.1     1.9397136982581373
0.3     0.4    0.0    0.1     1.971453355413611
0.4     0.5    0.0    0.1     1.9887041603691036
0.5     0.6    0.0    0.1     2.0871597929537486
0.6     0.7    0.0    0.1     2.00160128102482
0.7     0.8    0.0    0.1     2.111575657755817
0.8     0.9    0.0    0.1     2.1642210968272515
0.9     1.0    0.0    0.1     2.1662839565010183
1.0     1.1    0.0    0.1     2.2509341376671315
1.1     1.2    0.0    0.1     2.308509164781384
1.2     1.3    0.0    0.1     2.4495394865765237
1.3     1.4    0.0    0.1     2.540521314973833
1.4     1.5    0.0    0.1     2.5080256821829856
1.5     1.6    0.0    0.1     2.5380710659898478
1.6     1.7    0.0    0.1     2.6844196284763235
1.7     1.8    0.0    0.1     2.619035147451679
1.8     1.9    0.0    0.1     2.6935301406022734
1.9     2.0    0.0    0.1     2.6635414447048795
2.0     2.1    0.0    0.1     2.7059205541725295
2.1     2.2    0.0    0.1     2.821192800315974
2.2     2.3    0.0    0.1     2.86286859433152
2.3     2.4    0.0    0.1     2.8457598178713717
2.4     2.5    0.0    0.1     2.7199042593700704
0.0     0.1    0.1    0.2     1.954804910469935
0.1     0.2    0.1    0.2     1.9828680203045685
0.2     0.3    0.1    0.2     1.9580967299784608
0.3     0.4    0.1    0.2     2.007226013649137
0.4     0.5    0.1    0.2     1.9645593493379436
0.5     0.6    0.1    0.2     2.0764981934465716
0.6     0.7    0.1    0.2     2.1204410517387617
0.7     0.8    0.1    0.2     2.126754572522331
0.8     0.9    0.1    0.2     2.1839783349349173
0.9     1.0    0.1    0.2     2.2581519284617473
1.0     1.1    0.1    0.2     2.2650056625141564
1.1     1.2    0.1    0.2     2.3967021378583073
1.2     1.3    0.1    0.2     2.42671325956125
1.3     1.4    0.1    0.2     2.4040773151264543
1.4     1.5    0.1    0.2     2.5863852679495136
1.5     1.6    0.1    0.2     2.629088232201073
1.6     1.7    0.1    0.2     2.7157677475422304
1.7     1.8    0.1    0.2     2.6986183074265977
1.8     1.9    0.1    0.2     2.738525577828897
1.9     2.0    0.1    0.2     2.8719126938541066
2.0     2.1    0.1    0.2     2.740026304252521
2.1     2.2    0.1    0.2     2.803319129849742
2.2     2.3    0.1    0.2     2.8381676789464723
2.3     2.4    0.1    0.2     2.8267752148349166
2.4     2.5    0.1    0.2     2.798925212718316
0.0     0.1    0.2    0.3     1.9695895375403767
0.1     0.2    0.2    0.3     1.9313967861557477
0.2     0.3    0.2    0.3     1.961784439125829
0.3     0.4    0.2    0.3     1.970288056113804
0.4     0.5    0.2    0.3     2.0187338501291987
0.5     0.6    0.2    0.3     2.042733995179148
0.6     0.7    0.2    0.3     2.1004873130566293
0.7     0.8    0.2    0.3     2.191444600280505
0.8     0.9    0.2    0.3     2.1989620898935702
0.9     1.0    0.2    0.3     2.247191011235955
1.0     1.1    0.2    0.3     2.2654161569480316
1.1     1.2    0.2    0.3     2.384131222582491
1.2     1.3    0.2    0.3     2.420604182804028
1.3     1.4    0.2    0.3     2.574002574002574
1.4     1.5    0.2    0.3     2.5370407956159937
1.5     1.6    0.2    0.3     2.6424268047775077
1.6     1.7    0.2    0.3     2.63421316052895
1.7     1.8    0.2    0.3     2.6399155227032733
1.8     1.9    0.2    0.3     2.655619290418526
1.9     2.0    0.2    0.3     2.811990326753276
2.0     2.1    0.2    0.3     2.779939953297009
2.1     2.2    0.2    0.3     2.878857669276831
2.2     2.3    0.2    0.3     2.8573061317789588
2.3     2.4    0.2    0.3     2.9236346626125598
2.4     2.5    0.2    0.3     2.8009635314548205
0.0     0.1    0.3    0.4     1.953125
0.1     0.2    0.3    0.4     1.9798843747525143
0.2     0.3    0.3    0.4     1.966568338249754
0.3     0.4    0.3    0.4     1.9794924581337345
0.4     0.5    0.3    0.4     2.0178376851366076
0.5     0.6    0.3    0.4     2.0539785564638704
0.6     0.7    0.3    0.4     2.0958209330594797
0.7     0.8    0.3    0.4     2.1384885163166674
0.8     0.9    0.3    0.4     2.2376370552696354
0.9     1.0    0.3    0.4     2.3109632094657053
1.0     1.1    0.3    0.4     2.3120318135577547
1.1     1.2    0.3    0.4     2.4515812699190977
1.2     1.3    0.3    0.4     2.526528549772612
1.3     1.4    0.3    0.4     2.6314404505026054
1.4     1.5    0.3    0.4     2.542846971469257
1.5     1.6    0.3    0.4     2.756947507719453
1.6     1.7    0.3    0.4     2.734780944046382
1.7     1.8    0.3    0.4     2.729555628343706
1.8     1.9    0.3    0.4     2.86286859433152
1.9     2.0    0.3    0.4     2.6638252530633992
2.0     2.1    0.3    0.4     2.826935037032849
2.1     2.2    0.3    0.4     2.7808676307007785
2.2     2.3    0.3    0.4     2.7943888671547534
2.3     2.4    0.3    0.4     2.796889858477373
2.4     2.5    0.3    0.4     2.828214265512755
0.0     0.1    0.4    0.5     1.9637106276019167
0.1     0.2    0.4    0.5     1.9994401567561084
0.2     0.3    0.4    0.5     2.0392348790733714
0.3     0.4    0.4    0.5     1.9491657570559802
0.4     0.5    0.4    0.5     2.008677486742729
0.5     0.6    0.4    0.5     2.133014803122734
0.6     0.7    0.4    0.5     2.126664114669729
0.7     0.8    0.4    0.5     2.1568458286601677
0.8     0.9    0.4    0.5     2.245777937477542
0.9     1.0    0.4    0.5     2.3292648840026087
1.0     1.1    0.4    0.5     2.4077819512664935
1.1     1.2    0.4    0.5     2.4515812699190977
1.2     1.3    0.4    0.5     2.533954996959254
1.3     1.4    0.4    0.5     2.629088232201073
1.4     1.5    0.4    0.5     2.7516372241483684
1.5     1.6    0.4    0.5     2.786136186336788
1.6     1.7    0.4    0.5     2.7511830086937383
1.7     1.8    0.4    0.5     2.8468940386038835
1.8     1.9    0.4    0.5     2.728512960436562
1.9     2.0    0.4    0.5     2.85078966873824
2.0     2.1    0.4    0.5     2.893351079219953
2.1     2.2    0.4    0.5     2.8020623178659494
2.2     2.3    0.4    0.5     2.9496784850451303
2.3     2.4    0.4    0.5     2.9120559114735003
2.4     2.5    0.4    0.5     2.817695125387433
0.0     0.1    0.5    0.6     1.922633238483427
0.1     0.2    0.5    0.6     1.974801532445989
0.2     0.3    0.5    0.6     1.9876764062810575
0.3     0.4    0.5    0.6     2.007226013649137
0.4     0.5    0.5    0.6     2.0155601241585037
0.5     0.6    0.5    0.6     2.098283604011918
0.6     0.7    0.5    0.6     2.120980741494867
0.7     0.8    0.5    0.6     2.2273699215965785
0.8     0.9    0.5    0.6     2.2550965181309763
0.9     1.0    0.5    0.6     2.3230962226455416
1.0     1.1    0.5    0.6     2.4550721791220664
1.1     1.2    0.5    0.6     2.512562814070352
1.2     1.3    0.5    0.6     2.671368274830368
1.3     1.4    0.5    0.6     2.616294280780702
1.4     1.5    0.5    0.6     2.8535555301906173
1.5     1.6    0.5    0.6     2.7961078179174588
1.6     1.7    0.5    0.6     2.854532998401462
1.7     1.8    0.5    0.6     2.942907592701589
1.8     1.9    0.5    0.6     2.9545588843585655
1.9     2.0    0.5    0.6     2.991683120923832
2.0     2.1    0.5    0.6     3.0314053595246753
2.1     2.2    0.5    0.6     2.9284291905821718
2.2     2.3    0.5    0.6     2.9722981809535134
2.3     2.4    0.5    0.6     2.9802706085712583
2.4     2.5    0.5    0.6     2.841393419332841
0.0     0.1    0.6    0.7     1.9227071716977504
0.1     0.2    0.6    0.7     1.9931435860639402
0.2     0.3    0.6    0.7     1.9713756259117612
0.3     0.4    0.6    0.7     2.042483660130719
0.4     0.5    0.6    0.7     2.085853739935756
0.5     0.6    0.6    0.7     2.125127507650459
0.6     0.7    0.6    0.7     2.0972274652908856
0.7     0.8    0.6    0.7     2.191732783938982
0.8     0.9    0.6    0.7     2.3186792802819514
0.9     1.0    0.6    0.7     2.42518310132415
1.0     1.1    0.6    0.7     2.559115569659126
1.1     1.2    0.6    0.7     2.616294280780702
1.2     1.3    0.6    0.7     2.7627362139462925
1.3     1.4    0.6    0.7     2.826136106714899
1.4     1.5    0.6    0.7     2.9430808169992346
1.5     1.6    0.6    0.7     2.9396202010700216
1.6     1.7    0.6    0.7     3.037298019681691
1.7     1.8    0.6    0.7     3.1523863564718493
1.8     1.9    0.6    0.7     3.107327077248151
1.9     2.0    0.6    0.7     3.2036906516306782
2.0     2.1    0.6    0.7     3.1228530385360065
2.1     2.2    0.6    0.7     3.0672964848782285
2.2     2.3    0.6    0.7     3.1168183518264554
2.3     2.4    0.6    0.7     3.123243175713661
2.4     2.5    0.6    0.7     3.039144176999757
0.0     0.1    0.7    0.8     1.9726200339290647
0.1     0.2    0.7    0.8     1.9487859063803252
0.2     0.3    0.7    0.8     1.985387547649301
0.3     0.4    0.7    0.8     2.037323771493766
0.4     0.5    0.7    0.8     2.056851371919865
0.5     0.6    0.7    0.8     2.135839384878257
0.6     0.7    0.7    0.8     2.2201500821455533
0.7     0.8    0.7    0.8     2.293052052281587
0.8     0.9    0.7    0.8     2.446303635207202
0.9     1.0    0.7    0.8     2.4764735017335315
1.0     1.1    0.7    0.8     2.607289982791886
1.1     1.2    0.7    0.8     2.7967334153708467
1.2     1.3    0.7    0.8     2.9151119402985075
1.3     1.4    0.7    0.8     3.0541811740272435
1.4     1.5    0.7    0.8     3.0818540433925046
1.5     1.6    0.7    0.8     3.2333160889808585
1.6     1.7    0.7    0.8     3.456141563558443
1.7     1.8    0.7    0.8     3.3090668431502315
1.8     1.9    0.7    0.8     3.4002040122407347
1.9     2.0    0.7    0.8     3.4831069313827934
2.0     2.1    0.7    0.8     3.424188467333242
2.1     2.2    0.7    0.8     3.471498993265292
2.2     2.3    0.7    0.8     3.389830508474576
2.3     2.4    0.7    0.8     3.481409274474307
2.4     2.5    0.7    0.8     3.521622763769545
0.0     0.1    0.8    0.9     1.9740218721623435
0.1     0.2    0.8    0.9     1.99100067694023
0.2     0.3    0.8    0.9     1.9846782836502201
0.3     0.4    0.8    0.9     2.017919121801598
0.4     0.5    0.8    0.9     2.0531351373547406
0.5     0.6    0.8    0.9     2.1599205149250507
0.6     0.7    0.8    0.9     2.2635701027660824
0.7     0.8    0.8    0.9     2.3339401577743546
0.8     0.9    0.8    0.9     2.4828682093554475
0.9     1.0    0.8    0.9     2.589063794531897
1.0     1.1    0.8    0.9     2.707825616030328
1.1     1.2    0.8    0.9     2.882675122513693
1.2     1.3    0.8    0.9     3.1334210691232687
1.3     1.4    0.8    0.9     3.2117163412127443
1.4     1.5    0.8    0.9     3.4478003034064266
1.5     1.6    0.8    0.9     3.6946722825685363
1.6     1.7    0.8    0.9     3.8714672861014323
1.7     1.8    0.8    0.9     3.936078091789341
1.8     1.9    0.8    0.9     4.074315514993481
1.9     2.0    0.8    0.9     4.036164029706168
2.0     2.1    0.8    0.9     4.097353109891011
2.1     2.2    0.8    0.9     4.165972337943676
2.2     2.3    0.8    0.9     4.205214465937763
2.3     2.4    0.8    0.9     4.294057025077293
2.4     2.5    0.8    0.9     4.378667133724494
0.0     0.1    0.9    1.0     1.934610176049526
0.1     0.2    0.9    1.0     1.9798843747525143
0.2     0.3    0.9    1.0     1.9887832624000636
0.3     0.4    0.9    1.0     2.0575284967696805
0.4     0.5    0.9    1.0     2.095733087433984
0.5     0.6    0.9    1.0     2.154986639082838
0.6     0.7    0.9    1.0     2.3307850083908264
0.7     0.8    0.9    1.0     2.429661305214053
0.8     0.9    0.9    1.0     2.5550615769840053
0.9     1.0    0.9    1.0     2.772079614126518
1.0     1.1    0.9    1.0     2.932895354293759
1.1     1.2    0.9    1.0     3.2168821977739177
1.2     1.3    0.9    1.0     3.5844863431070326
1.3     1.4    0.9    1.0     3.832298612707902
1.4     1.5    0.9    1.0     4.141472707694857
1.5     1.6    0.9    1.0     4.172926055750292
1.6     1.7    0.9    1.0     4.645976584278015
1.7     1.8    0.9    1.0     5.221932114882507
1.8     1.9    0.9    1.0     5.584782584413989
1.9     2.0    0.9    1.0     5.972145911468909
2.0     2.1    0.9    1.0     6.245160000999226
2.1     2.2    0.9    1.0     6.615244168662265
2.2     2.3    0.9    1.0     7.344732357952877
2.3     2.4    0.9    1.0     7.573577303503536
2.4     2.5    0.9    1.0     8.057498307925355
