 3.8500        3850              0                    0                 0             0                 
 3.8900        3890          -1.9857e-01        3.23e-02        1.5444e-01        1.61e-02       
 3.8950        3895          -6.5384e-01        2.03e-01        7.2272e-02        2.23e-01       
 3.9000        3900              0                    0                 0              0                 
 3.9050        3905          -1.4716e-01        2.24e-01        2.7773e-01        1.97e-01       
 3.9100        3910          -5.8628e-02        2.60e-01        4.0441e-02        2.49e-01       
 3.9150        3915          -1.0406e-01        2.30e-01        -1.7266e-02        2.37e-01      
 3.9200        3920              0                    0                 0               0                 
 3.9250        3925              0                    0                 0               0                 
 3.9300        3930          -1.3509e-01        2.41e-01        -1.3896e-01        2.41e-01      
 3.9350        3935              0                    0                 0                0                 
 3.9400        3940          1.0346e-01        2.75e-01        -2.9339e-01        3.38e-01       
 3.9450        3945          -3.7506e-01        2.19e-01        -3.0717e-01        2.41e-01      
 3.9500        3950          -4.9231e-01        2.25e-01        1.6527e-01        2.50e-01       
 3.9550        3955          1.3398e-01        2.31e-01        -4.5158e-01        2.53e-01       
 3.9600        3960              0                    0                 0               0                 
 3.9650        3965          -1.2905e-01        2.06e-01        -5.7491e-02        2.13e-01      
 3.9700        3970          -4.1350e-01        2.16e-01        -6.5652e-02        2.50e-01      
 3.9750        3975          -4.5420e-01        2.03e-01        4.1440e-01        1.95e-01       
 3.9800        3980          -3.0631e-01        2.24e-01        -1.5533e-01        2.39e-01      
 3.9850        3985          -2.7702e-03        2.27e-01        -6.7494e-01        3.05e-01      
 3.9900        3990              0                    0                 0            0                 
 3.9950        3995          -4.5944e-01        1.89e-01        1.4262e-01        2.02e-01       
 4.0000        4000          -3.0929e-01        2.19e-01        -3.7359e-02        2.35e-01      
 4.0050        4005          -1.9226e-01        2.13e-01        -2.2892e-01        2.28e-01      
 4.0100        4010          -1.4768e-01        1.99e-01        2.0620e-01        2.03e-01       
 4.0120        4012          -5.4110e-01        1.78e-01        -1.9278e-01        2.07e-01      
 4.0140        4014          1.4906e-01        2.38e-01        -4.6250e-01        2.87e-01       
 4.0160        4016          -3.8031e-01        1.87e-01        7.4624e-02        1.87e-01       
 4.0180        4018          -9.0763e-02        2.28e-01        -3.1112e-01        2.93e-01      
 4.0200        4020          -2.2461e-01        1.99e-01        -8.5576e-02        2.22e-01      
 4.0250        4025          -3.2497e-01        1.83e-01        -5.0238e-02        2.02e-01      
 4.0300        4030          -5.7089e-02        1.31e-01        1.8384e-01        1.37e-01       
 4.0350        4035          -5.1206e-01        2.05e-01        -3.9832e-01        2.79e-01      
 4.0400        4040          -4.5231e-02        2.15e-01        1.0843e-01        2.14e-01       
 4.0500        4050          6.4794e-03        2.10e-01        9.5163e-02        2.30e-01        
 4.0550        4055          -4.9694e-01        1.98e-01        3.1222e-01        1.94e-01       
 4.0600        4060          -4.1753e-01        2.08e-01        -3.8594e-01        2.65e-01      
 4.0650        4065          -7.9074e-01        1.59e-01        -4.5183e-02        2.18e-01      
 4.0700        4070          1.1297e-03        2.08e-01        7.4076e-03        2.17e-01        
 4.0800        4080          -1.4361e-01        1.91e-01        4.3072e-01        1.79e-01       
 4.0900        4090          -3.1125e-02        1.89e-01        5.6165e-02        2.05e-01       
 4.1000        4100          -7.7566e-02        2.00e-01        -2.0007e-02        2.05e-01      
 4.1100        4110          -5.6765e-01        1.61e-01        -2.5581e-01        2.03e-01      
 4.1200        4120          -1.2964e-01        2.19e-01        6.3399e-03        2.61e-01       
 4.1300        4130          -2.7483e-01        1.99e-01        2.6445e-01        2.11e-01       
 4.1400        4140          -8.2372e-01        1.68e-01        4.6812e-02        1.77e-01       
 4.1450        4145          -3.0937e-01        1.74e-01        2.1334e-01        1.71e-01       
 4.1500        4150          -5.6410e-02        1.76e-01        -1.8300e-01        1.85e-01      
 4.1600        4160          -5.4492e-01        1.52e-01        1.8832e-01        1.73e-01       
 4.1700        4170           -2.9479e-01        1.22e-01        -5.1511e-02        1.39e-01     
 4.1800        4180          -6.2599e-02        1.93e-01        7.0653e-02        1.83e-01       
 4.1900        4190          -4.7137e-01        1.68e-01        -2.0976e-01        2.14e-01      
 4.1950        4195          -3.5625e-01        1.59e-01        -2.9496e-01        1.79e-01      
 4.2000        4200          -4.6260e-01        1.84e-01        2.0038e-01        1.86e-01       
 4.2030        4203          -1.6298e-01        1.75e-01        6.5593e-02        1.85e-01       
 4.2060        4206          -2.7015e-01        1.87e-01        3.8958e-02        2.05e-01       
 4.2100        4210          -3.9171e-01        1.82e-01        2.7106e-01        1.65e-01       
 4.2150        4215          -3.7344e-01        1.80e-01        -6.6470e-02        1.77e-01      
 4.2200        4220          -3.7835e-01        1.88e-01        3.5385e-03        2.00e-01       
 4.2250        4225          -2.2561e-02        2.28e-01        -2.1317e-02        2.68e-01      
 4.2300        4230          2.9743e-02        1.89e-01        -6.2812e-02        2.17e-01       
 4.2350        4235          -1.8536e-01        1.90e-01        -3.5758e-02        1.99e-01      
 4.2400        4240          -4.2562e-02        1.87e-01        1.4977e-01        2.13e-01       
 4.2430        4243          1.4203e-01        2.09e-01        3.8044e-01        1.97e-01        
 4.2450        4245          -1.8993e-01        2.04e-01        -8.6740e-02        2.01e-01      
 4.2480        4248          -5.4479e-01        1.97e-01        7.5210e-02        2.06e-01       
 4.2500        4250          -4.8749e-01        2.15e-01        1.1055e-01        2.16e-01       
 4.2550        4255          -3.4917e-01        1.91e-01        1.3246e-01        2.15e-01       
 4.2600        4260          -5.6409e-01        1.92e-01        -1.2146e-01        2.22e-01      
 4.2650        4265          -2.2155e-01        1.83e-01        -1.8716e-01        1.99e-01      
 4.2700        4270          -2.2681e-01        1.87e-01        1.7625e-01        1.91e-01       
 4.2750        4275          -2.6590e-01        1.69e-01        7.9852e-02        1.76e-01       
 4.2800        4280          1.5742e-01        2.03e-01        -5.5015e-01        2.40e-01       
 4.2850        4285          -5.3733e-01        1.99e-01        -2.2540e-01        2.60e-01      
 4.2900        4290          -7.0706e-02        1.90e-01        -1.5365e-01        1.98e-01      
 4.3000        4300          -3.2075e-01        1.99e-01        6.0505e-02        2.32e-01       
 4.3100        4310          -8.0526e-02        1.97e-01        2.7044e-01        1.96e-01       
 4.3200        4320          -7.6276e-02        2.00e-01        5.5066e-02        2.18e-01       
 4.3300        4330          -7.6850e-03        2.15e-01        -7.5309e-02        2.37e-01      
 4.3400        4340          -1.6367e-02        2.03e-01        -3.1553e-01        2.69e-01      
 4.3500        4350          -2.2635e-01        1.75e-01        -2.4773e-01        1.91e-01      
 4.3600        4360          -4.9073e-02        2.12e-01        -9.1326e-02        2.23e-01      
 4.3700        4370          -4.6663e-01        1.84e-01        -1.2613e-01        2.19e-01      
 4.3800        4380          -3.4779e-01        1.69e-01        1.1594e-01        1.92e-01       
 4.3900        4390          -2.6906e-01        1.78e-01        -1.8031e-02        1.93e-01      
 4.3950        4395          1.7604e-01        1.82e-01        2.3629e-01        1.82e-01        
 4.4000        4400          5.9901e-02        2.12e-01        -1.5790e-01        2.21e-01       
 4.4100        4410          -3.9320e-01        2.09e-01        5.0068e-02        2.48e-01       
 4.4200        4420          -4.0907e-01        1.93e-01        3.0340e-01        2.15e-01       
 4.4250        4425          -1.9473e-01        1.71e-01        -8.1857e-01        2.33e-01      
 4.4300        4430          -1.3872e-01        2.00e-01        -2.8281e-01        2.15e-01      
 4.4400        4440          1.4955e-01        1.90e-01        -4.6114e-01        2.35e-01       
 4.4500        4450          -3.6154e-01        1.88e-01        8.3852e-02        1.98e-01       
 4.4600        4460          -5.9112e-01        1.71e-01        -2.1722e-02        2.01e-01      
 4.4800        4480          -2.9266e-01        1.65e-01        -3.0729e-01        1.94e-01      
 4.5000        4500          -1.9839e-01        1.93e-01        -6.4990e-02        2.08e-01      
 4.5200        4520          -1.8750e-01        1.90e-01        -1.6116e-01        2.27e-01      
 4.5400        4540          -1.0935e-01        2.12e-01        1.9321e-01        2.45e-01       
 4.5500        4550          -2.1787e-01        1.91e-01        -6.7714e-02        1.86e-01      
 4.5600        4560          -1.7689e-01        1.93e-01        -1.8289e-01        2.12e-01      
 4.5700        4570          -9.6290e-01        1.33e-01        -1.2602e-01        2.09e-01      
 4.5800        4580          -3.0787e-01        1.75e-01        -1.0103e-01        2.13e-01      
 4.5900        4590          -6.8183e-02        1.77e-01        -2.0407e-01        2.26e-01 
