3.8500        3850          1.1823e-01          2.1736e-02          -1.9274e-01           -1.0773e-02                 0                          0                                      
3.8900        3890          1.3742e-01          6.3920e-03          -2.3125e-01           1.9846e-02              -1.9857e-01            1.5444e-01                                     
3.8950        3895          1.3672e-01          -2.3876e-03         -2.0508e-01           3.0808e-02              -6.5384e-01            7.2272e-02                                     
3.9000        3900          1.7507e-01          -1.2001e-02         -2.2526e-01           1.5894e-02                  0                          0                                      
3.9050        3905          1.0588e-01          5.0486e-02          -1.9191e-01           -3.0117e-02             -1.4716e-01            2.7773e-01                                     
3.9100        3910          1.1821e-01          1.7721e-02          -1.9842e-01           -3.7777e-02             -5.8628e-02            4.0441e-02                                     
3.9150        3915          1.0916e-01          5.2001e-02          -2.0122e-01           6.0914e-03              -1.0406e-01            -1.7266e-02                                    
3.9200        3920          1.2750e-01          1.8283e-02          -1.7456e-01           -4.0760e-02                 0                          0                                      
3.9250        3925          1.6363e-01          3.6441e-03          -2.1334e-01           -5.3292e-02                 0                          0                                      
3.9300        3930          1.4174e-01          -4.9021e-03         -2.1701e-01           1.8411e-03              -1.3509e-01            -1.3896e-01                                    
3.9350        3935          9.0810e-02          4.4784e-02          -2.6828e-01           -3.1161e-02                 0                          0                                      
3.9400        3940          9.8867e-02          4.1848e-02          -1.7430e-01           6.0975e-03              1.0346e-01            -2.9339e-01                                     
3.9450        3945          1.2849e-01          1.5625e-02          -1.6384e-01           -6.8448e-02             -3.7506e-01            -3.0717e-01                                    
3.9500        3950          1.0927e-01          6.5087e-02          -1.7788e-01           -2.0370e-02             -4.9231e-01            1.6527e-01                                     
3.9550        3955          1.1178e-01          2.2253e-02          -2.2525e-01           -1.7258e-02             1.3398e-01            -4.5158e-01                                     
3.9600        3960          1.1214e-01          2.5556e-02          -1.7130e-01           -2.1489e-03                 0                          0                                      
3.9650        3965          6.1652e-02          3.3533e-02          -2.3915e-01           -2.4799e-02             -1.2905e-01            -5.7491e-02                                    
3.9700        3970          7.1886e-02          -4.6972e-02         -1.7829e-01           -5.0831e-02             -4.1350e-01            -6.5652e-02                                    
3.9750        3975          8.7620e-02          -7.0320e-03         -2.0230e-01           -9.2369e-02             -4.5420e-01            4.1440e-01                                     
3.9800        3980          1.2288e-01          4.5447e-02          -1.9944e-01           3.4696e-02              -3.0631e-01            -1.5533e-01                                    
3.9850        3985          1.0544e-01          3.5119e-02          -1.7013e-01           -1.4831e-02             -2.7702e-03            -6.7494e-01                                    
3.9900        3990          1.1420e-01          2.8362e-02          -2.3188e-01           -5.7888e-02                 0                          0                                      
3.9950        3995          8.3719e-02          1.3100e-02          -2.6011e-01           1.7904e-03              -4.5944e-01            1.4262e-01                                     
4.0000        4000          5.5130e-02          2.0861e-02          -2.1291e-01           -1.1055e-02             -3.0929e-01            -3.7359e-02                                    
4.0050        4005          7.6144e-02          1.6119e-02          -1.5631e-01           -7.2870e-02             -1.9226e-01            -2.2892e-01                                    
4.0100        4010          4.1484e-02          4.7904e-02          -2.0933e-01           -3.8076e-02             -1.4768e-01            2.0620e-01                                     
4.0120        4012          8.5039e-02          1.4916e-02          -2.0063e-01           -7.7879e-02             -5.4110e-01            -1.9278e-01                                    
4.0140        4014          3.6889e-02          1.4038e-02          -2.1923e-01           -5.6508e-02             1.4906e-01            -4.6250e-01                                     
4.0160        4016          6.0151e-02          5.1956e-02          -1.8313e-01           8.2634e-03              -3.8031e-01            7.4624e-02                                     
4.0180        4018          5.3922e-02          3.8558e-02          -2.3064e-01           2.9820e-02              -9.0763e-02            -3.1112e-01                                    
4.0200        4020          2.3812e-02          4.7488e-02          -2.4504e-01           2.5683e-02              -2.2461e-01            -8.5576e-02                                    
4.0250        4025          9.1014e-02          2.7924e-02          -2.4540e-01           -7.4800e-03             -3.2497e-01            -5.0238e-02                                    
4.0300        4030          2.9543e-02          1.3020e-02          -2.0900e-01           -2.6222e-02             -5.7089e-02            1.8384e-01                                     
4.0350        4035          6.7695e-02          4.0602e-02          -2.1249e-01           5.7611e-03              -5.1206e-01            -3.9832e-01                                    
4.0400        4040          5.4196e-02          3.7120e-02          -2.1219e-01           -3.8607e-02             -4.5231e-02            1.0843e-01                                     
4.0500        4050          4.0258e-02          4.7546e-03          -2.3369e-01           -6.0737e-02             6.4794e-03            9.5163e-02                                      
4.0550        4055          4.8344e-03          -2.0666e-02         -1.9977e-01           -6.5507e-03             -4.9694e-01            3.1222e-01                                     
4.0600        4060          5.3159e-02          5.6754e-02          -1.8308e-01           -1.7138e-02             -4.1753e-01            -3.8594e-01                                    
4.0650        4065          9.5083e-02          2.1308e-02          -2.0110e-01           -4.7815e-02             -7.9074e-01            -4.5183e-02                                    
4.0700        4070          3.7836e-02          1.3447e-02          -2.3099e-01           -2.1654e-02             1.1297e-03            7.4076e-03                                      
4.0800        4080          8.9084e-03          4.6694e-02          -2.0232e-01           -3.3838e-02             -1.4361e-01            4.3072e-01                                     
4.0900        4090          4.0632e-02          2.7424e-02          -2.0296e-01           -5.3219e-02             -3.1125e-02            5.6165e-02                                     
4.1000        4100          -1.2319e-02          4.5343e-03         -1.6887e-01           -5.4807e-03             -7.7566e-02            -2.0007e-02                                    
4.1100        4110          -2.1627e-02          8.1197e-02         -1.9837e-01           -2.0024e-02             -5.6765e-01            -2.5581e-01                                    
4.1200        4120          9.2069e-03          6.4181e-02          -2.6476e-01           -4.3326e-02             -1.2964e-01            6.3399e-03                                     
4.1300        4130          -8.0242e-02          2.1342e-02         -2.6634e-01           -1.7286e-02             -2.7483e-01            2.6445e-01                                     
4.1400        4140          3.8242e-02          -1.0866e-02         -2.1426e-01           -1.9370e-03             -8.2372e-01            4.6812e-02                                     
4.1450        4145          5.1528e-02          7.3860e-03          -2.1332e-01           -3.3199e-02             -3.0937e-01            2.1334e-01                                     
4.1500        4150          1.1511e-02          -1.1168e-02         -2.3687e-01           -5.0981e-02             -5.6410e-02            -1.8300e-01                                    
4.1600        4160          2.1916e-02          1.9400e-02          -2.1034e-01           -2.4893e-02             -5.4492e-01            1.8832e-01                                     
4.1700        4170           -1.1940e-02          2.3328e-02         -1.9563e-01           -3.7466e-02             -2.9479e-01            -5.1511e-02                                   
4.1800        4180          1.9591e-02          -1.2048e-03         -2.1534e-01           8.0744e-03              -6.2599e-02            7.0653e-02                                     
4.1900        4190          1.6434e-02          -1.0988e-03         -1.7724e-01           -2.0182e-03             -4.7137e-01            -2.0976e-01                                    
4.1950        4195          1.1275e-02          5.5968e-02          -2.0452e-01           -7.5905e-03             -3.5625e-01            -2.9496e-01                                    
4.2000        4200          1.3266e-02          1.9519e-02          -2.2850e-01           -5.1584e-03             -4.6260e-01            2.0038e-01                                     
4.2030        4203          1.0424e-02          4.1730e-02          -2.1812e-01           1.3517e-02              -1.6298e-01            6.5593e-02                                     
4.2060        4206          -2.8009e-03          4.9645e-03         -2.3584e-01           -2.3677e-02             -2.7015e-01            3.8958e-02                                     
4.2100        4210          -5.1717e-03          6.1437e-03         -2.1631e-01           -5.8558e-02             -3.9171e-01            2.7106e-01                                     
4.2150        4215          -3.7245e-02          5.7571e-02         -2.1083e-01           -3.9898e-02             -3.7344e-01            -6.6470e-02                                    
4.2200        4220          5.2877e-02          -2.9896e-02         -2.2795e-01           3.8642e-02              -3.7835e-01            3.5385e-03                                     
4.2250        4225          -1.2950e-02          1.8708e-02         -2.1513e-01           -2.0414e-02             -2.2561e-02            -2.1317e-02                                    
4.2300        4230          3.5378e-02          2.3300e-02          -1.9297e-01           -1.7447e-03             2.9743e-02            -6.2812e-02                                     
4.2350        4235          -5.2488e-03          3.4862e-02         -2.6347e-01           -9.2187e-03             -1.8536e-01            -3.5758e-02                                    
4.2400        4240          2.6360e-02          -6.0051e-02         -1.9607e-01           -2.6482e-02             -4.2562e-02            1.4977e-01                                     
4.2430        4243          4.0346e-02          5.8541e-02          -2.0076e-01           -2.4417e-02             1.4203e-01            3.8044e-01                                      
4.2450        4245          6.2716e-03          2.8226e-02          -2.1485e-01           1.3080e-02              -1.8993e-01            -8.6740e-02                                    
4.2480        4248          1.4763e-02          2.2177e-02          -2.0353e-01           1.3230e-02              -5.4479e-01            7.5210e-02                                     
4.2500        4250          -2.4727e-03          4.3455e-02         -1.3008e-01           -5.6759e-02             -4.8749e-01            1.1055e-01                                     
4.2550        4255          -1.0185e-02          -2.0027e-02        -1.8713e-01           2.8110e-02              -3.4917e-01            1.3246e-01                                     
4.2600        4260          7.3778e-02          -2.1530e-02         -1.9460e-01           -2.1544e-02             -5.6409e-01            -1.2146e-01                                    
4.2650        4265          1.1052e-02          3.4460e-03          -1.8436e-01           -2.9937e-02             -2.2155e-01            -1.8716e-01                                    
4.2700        4270          2.6451e-02          -1.5031e-02         -2.0967e-01           -1.6259e-02             -2.2681e-01            1.7625e-01                                     
4.2750        4275          1.8531e-02          -5.6366e-03         -1.7027e-01           -1.8196e-02             -2.6590e-01            7.9852e-02                                     
4.2800        4280          -2.4515e-02          -1.9316e-02        -2.5037e-01           -9.5067e-03             1.5742e-01            -5.5015e-01                                     
4.2850        4285          2.6196e-03          4.1973e-02          -1.9925e-01           1.2608e-02              -5.3733e-01            -2.2540e-01                                    
4.2900        4290          1.1624e-02          1.2129e-02          -2.4227e-01           -2.3349e-02             -7.0706e-02            -1.5365e-01                                    
4.3000        4300          2.0825e-02          2.1324e-03          -2.2743e-01           1.4363e-02              -3.2075e-01            6.0505e-02                                     
4.3100        4310          -1.8300e-03          3.0253e-02         -1.7028e-01           -3.5103e-02             -8.0526e-02            2.7044e-01                                     
4.3200        4320          2.0271e-02          1.0304e-02          -1.7803e-01           -5.8215e-02             -7.6276e-02            5.5066e-02                                     
4.3300        4330          -3.3224e-02          -1.9403e-02        -2.1879e-01           7.7969e-04              -7.6850e-03            -7.5309e-02                                    
4.3400        4340          -4.3552e-03          -3.6234e-04        -1.7082e-01           -9.9612e-03             -1.6367e-02            -3.1553e-01                                    
4.3500        4350          -9.8802e-03          3.5627e-03         -1.8264e-01           -2.0398e-02             -2.2635e-01            -2.4773e-01                                    
4.3600        4360          -1.6112e-02          7.6294e-02         -1.8649e-01           3.5040e-02              -4.9073e-02            -9.1326e-02                                    
4.3700        4370          -2.3727e-03          2.4236e-02         -1.8937e-01           -3.0854e-02             -4.6663e-01            -1.2613e-01                                    
4.3800        4380          -5.5065e-02          1.1425e-02         -1.9675e-01           -3.5383e-02             -3.4779e-01            1.1594e-01                                     
4.3900        4390          -2.4362e-02          3.5792e-02         -1.7751e-01           -7.1524e-02             -2.6906e-01            -1.8031e-02                                    
4.3950        4395          -5.1902e-03          1.2118e-02         -1.7153e-01           1.6116e-02              1.7604e-01            2.3629e-01                                      
4.4000        4400          -7.1056e-02          -2.2048e-02        -1.9270e-01           -2.7773e-02             5.9901e-02            -1.5790e-01                                     
4.4100        4410          -3.0652e-02          -4.3280e-03        -1.9611e-01           3.9439e-03              -3.9320e-01            5.0068e-02                                     
4.4200        4420          -3.2612e-02          3.1671e-02         -1.9518e-01           -3.9093e-02             -4.0907e-01            3.0340e-01                                     
4.4250        4425          -1.8231e-02          4.9690e-02         -2.0991e-01           -1.0645e-04             -1.9473e-01            -8.1857e-01                                    
4.4300        4430          -5.7745e-02          3.7968e-02         -1.8369e-01           -3.3721e-02             -1.3872e-01            -2.8281e-01                                    
4.4400        4440          -4.0446e-02          -3.2890e-02        -1.9793e-01           -1.0268e-02             1.4955e-01            -4.6114e-01                                     
4.4500        4450          -2.8793e-02          -5.7715e-03        -1.9860e-01           -8.7076e-03             -3.6154e-01            8.3852e-02                                     
4.4600        4460          -9.8314e-03          -4.6197e-03        -2.1216e-01           1.1357e-02              -5.9112e-01            -2.1722e-02                                    
4.4800        4480          -7.5574e-02          1.5293e-02         -1.8942e-01           -5.4128e-02             -2.9266e-01            -3.0729e-01                                    
4.5000        4500          -2.1856e-02          3.0469e-02         -2.0212e-01           1.3167e-02              -1.9839e-01            -6.4990e-02                                    
4.5200        4520          -6.9765e-02          3.5254e-03         -1.9588e-01           -3.2499e-02             -1.8750e-01            -1.6116e-01                                    
4.5400        4540          -2.9766e-02          1.1816e-02         -1.9743e-01           -3.2789e-03             -1.0935e-01            1.9321e-01                                     
4.5500        4550          -2.7275e-02          -2.6470e-03        -2.0034e-01           3.5790e-02              -2.1787e-01            -6.7714e-02                                    
4.5600        4560          1.9040e-02          -2.3976e-02         -2.1784e-01           1.3898e-04              -1.7689e-01            -1.8289e-01                                    
4.5700        4570          -2.4727e-02          8.7839e-03         -2.0772e-01           -8.8626e-03             -9.6290e-01            -1.2602e-01                                    
4.5800        4580          -5.8641e-02          3.5099e-02         -1.8785e-01           1.2242e-03              -3.0787e-01            -1.0103e-01                                    
4.5900        4590          -3.8150e-02          5.5779e-02         -1.7779e-01           -4.1454e-02             -6.8183e-02            -2.0407e-01
