3.80765        380765              1.7621e-01          2.4133e-02             -1.7338e-01            1.2036e-02                  0                         0                                 
3.89624        389624              1.3983e-01          1.4793e-02             -1.8147e-01            -2.3821e-02                 0                         0                                          
4.00762        400762            8.8096e-02          2.5377e-02             -2.0903e-01            -2.0947e-02              -2.1197e-01             -4.5195e-03                                    
4.08545        408545              4.4308e-02          2.2826e-02             -2.2592e-01            -3.3639e-02              -3.0407e-01             8.9261e-02                                   
4.12848        412848              4.1092e-02          2.3565e-02             -2.2249e-01            -9.5785e-03              -2.6326e-01             -2.9169e-02                                  
4.15744        415744              4.2528e-02          1.7704e-02             -2.1841e-01            -1.1274e-02              -2.6662e-01             7.3769e-03                                   
4.18859        418859              1.3957e-02          1.2257e-02             -2.2119e-01            -1.1871e-02              -3.0894e-01             5.9751e-02                                   
4.1888        418880              1.2327e-02          1.3499e-02             -2.0761e-01            -1.7600e-02              -2.5993e-01             -3.3641e-02                                   
4.1989        419890            1.0082e-02          1.7276e-02             -2.1278e-01            -1.4729e-02              -2.4561e-01             -5.0642e-02                                     
4.20773        420773              1.5425e-03          1.8898e-02             -2.1876e-01            -3.2416e-03              -3.2906e-01             -3.0656e-02                                  
4.2092        420920              8.2130e-03          1.9354e-02             -2.0914e-01            -1.5721e-02              -2.8916e-01             -7.2793e-02                                   
4.21713        421713             1.0370e-02          1.5710e-02             -2.0755e-01            -2.0125e-02              -3.6064e-01             -1.8872e-02                                   
4.2187        421870              1.2552e-02          2.0038e-02             -1.9940e-01            -1.5209e-02              -2.7550e-01             -7.3266e-03                                   
4.22626        422626               2.1473e-02          2.1973e-02             -2.0333e-01            -1.0763e-02              -2.3406e-01             2.3064e-03                                  
4.2357        423570              2.3751e-02          1.8246e-02             -1.9512e-01            -1.0868e-02              -2.2066e-01             2.5111e-02                                    
4.24166        424166              4.0097e-02          -2.1022e-03            -2.0894e-01            -1.2849e-02              -2.4084e-01             -4.0961e-03                                  
4.2438        424380              2.0984e-02          2.1895e-02             -1.8560e-01            -1.8631e-02              -2.9031e-01             -2.8129e-02                                   
4.25797        425797              2.0939e-02          1.8651e-02             -1.9953e-01            -5.6296e-03              -2.3908e-01             -1.6704e-02                                  
4.2668        426680              1.3716e-02          1.5705e-02             -1.8118e-01            -5.7348e-03              -2.3705e-01             3.1731e-02                                    
4.2777        427770              5.6798e-03          1.6507e-02             -1.8970e-01            -9.9805e-03              -2.4387e-01             3.9126e-02                                    
4.28788        428788              2.1879e-02          2.0526e-02             -1.8778e-01            -1.1761e-02              -2.6116e-01             4.3600e-03                                   
4.30789        430789              4.3564e-03          1.6880e-02             -1.8631e-01            -2.5470e-02              -1.6455e-01             -4.5890e-03                                  
4.31205        431205              2.4630e-02          1.1899e-02             -1.9403e-01            -6.3628e-03              -1.9046e-01             -6.6652e-03                                  
4.33739        433739            1.7874e-02          1.2701e-02             -1.9970e-01            -1.1913e-02              -2.3239e-01             -7.1402e-03                                    
4.35826        435826              -5.9886e-03          1.2531e-02            -2.0606e-01            -5.9408e-03              -2.3076e-01             -7.9039e-03                                  
4.37737        437737              -7.7677e-03          1.9857e-02            -2.1008e-01            -8.5554e-03              -2.4836e-01             -4.4874e-02                                  
4.3874        438740              -2.5670e-02          3.6903e-02            -2.1360e-01            -7.7958e-03              -3.1275e-01             1.3047e-01                                    
4.39645        439645              -7.4782e-03          1.7536e-02            -2.0787e-01            -1.3908e-02              -1.9042e-01             -6.8106e-03                                  
4.41558        441558               -3.5520e-02          1.3641e-02            -2.1056e-01            -1.2268e-02              -2.5476e-01             -3.8043e-02                                 
4.43624        443624              -1.6146e-02          2.2337e-02            -2.0826e-01            -9.1424e-03              -2.8672e-01             1.5913e-02                                   
4.46706        446706               -3.9729e-02          2.0864e-02            -2.1215e-01            -1.0136e-02              -3.3176e-01             -7.1103e-02                                 
4.52714        452714               -4.5153e-02          1.2150e-02            -2.0302e-01            2.8108e-03               -2.1579e-01             6.2672e-02                                  
4.5745        457450              -6.2503e-02          1.4225e-02            -1.8722e-01            2.9335e-04               -3.3905e-01             1.4677e-01                                    
4.59953        459953              -4.8230e-02          6.4953e-03            -1.9700e-01            -1.1112e-02              -2.7043e-01             -2.5681e-02                                  
4.61186        4610               -4.1112e-02          7.6245e-03              -1.9851e-01            -9.7664e-03              -2.4166e-01             1.2917e-02                              
4.62800        4620               -4.2389e-02          3.9420e-03              -1.9747e-01            -6.2952e-03              -2.0868e-01             -2.5951e-02                             
4.64091        4640               -4.7008e-02          1.1429e-02              -1.9995e-01            -1.5713e-03              -2.4401e-01             -6.4467e-02                             
4.66124        4660               -5.2599e-02          1.4096e-02              -1.9242e-01            -1.0001e-02              -2.4684e-01             1.4869e-02                              
4.68192        4680                -5.3632e-02          1.0102e-02              -1.9837e-01            -9.8492e-03              -2.3989e-01             -2.1644e-02                            
4.69882        4700               -5.9673e-02          1.2341e-02              -1.9235e-01            -1.0833e-02              -1.9153e-01             -3.7036e-02                             
4.73970        4740               -6.0784e-02          4.9507e-03              -1.7746e-01            -1.0221e-02              -1.9998e-01             -5.2291e-02                             
4.75005        4750               -7.0043e-02          1.7962e-03              -1.7747e-01            -8.0491e-03              -2.4708e-01             -4.9151e-02                             
4.78054        4780               -7.6311e-02          5.9701e-03              -1.7590e-01            -1.0198e-02              -2.1183e-01             1.2995e-02                              
4.84307        4840               -7.6543e-02          6.8157e-03              -1.7588e-01            -1.5820e-02              -2.6706e-01             1.2414e-03                              
4.91802        4914               -8.8182e-02          4.4106e-03              -1.7586e-01            -1.3070e-02              -1.8233e-01             3.9103e-02                              
4.95093        4946               -8.4482e-02          5.5837e-03              -1.7350e-01            -9.6327e-03              -2.6806e-01             -5.5750e-02                             
