3.8500        3850              -1.9274e-01        3.31e-02        -1.0773e-02        3.43e-02    
3.8900        3890              -2.3125e-01        3.23e-02        1.9846e-02        3.31e-02     
3.8950        3895              -2.0508e-01        3.23e-02        3.0808e-02        3.28e-02     
3.9000        3900              -2.2526e-01        3.15e-02        1.5894e-02        3.25e-02     
3.9050        3905              -1.9191e-01        3.14e-02        -3.0117e-02        3.26e-02    
3.9100        3910              -1.9842e-01        3.20e-02        -3.7777e-02        3.37e-02    
3.9150        3915              -2.0122e-01        3.03e-02        6.0914e-03        3.11e-02     
3.9200        3920              -1.7456e-01        3.19e-02        -4.0760e-02        3.29e-02    
3.9250        3925              -2.1334e-01        3.18e-02        -5.3292e-02        3.35e-02    
3.9300        3930              -2.1701e-01        3.21e-02        1.8411e-03        3.34e-02     
3.9350        3935              -2.6828e-01        3.03e-02        -3.1161e-02        3.23e-02    
3.9400        3940              -1.7430e-01        3.12e-02        6.0975e-03        3.29e-02     
3.9450        3945              -1.6384e-01        3.00e-02        -6.8448e-02        3.16e-02    
3.9500        3950              -1.7788e-01        2.88e-02        -2.0370e-02        2.97e-02    
3.9550        3955              -2.2525e-01        2.84e-02        -1.7258e-02        2.99e-02    
3.9600        3960              -1.7130e-01        2.75e-02        -2.1489e-03        2.80e-02    
3.9650        3965              -2.3915e-01        2.88e-02        -2.4799e-02        2.97e-02    
3.9700        3970              -1.7829e-01        2.94e-02        -5.0831e-02        3.08e-02    
3.9750        3975              -2.0230e-01        2.79e-02        -9.2369e-02        2.98e-02    
3.9800        3980              -1.9944e-01        2.83e-02        3.4696e-02        2.87e-02     
3.9850        3985              -1.7013e-01        2.74e-02        -1.4831e-02        2.82e-02    
3.9900        3990              -2.3188e-01        2.73e-02        -5.7888e-02        2.87e-02    
3.9950        3995              -2.6011e-01        2.70e-02        1.7904e-03        2.78e-02     
4.0000        4000              -2.1291e-01        2.73e-02        -1.1055e-02        2.81e-02    
4.0050        4005              -1.5631e-01        2.79e-02        -7.2870e-02        2.95e-02    
4.0100        4010              -2.0933e-01        2.77e-02        -3.8076e-02        2.84e-02    
4.0120        4012              -2.0063e-01        2.90e-02        -7.7879e-02        3.09e-02    
4.0140        4014              -2.1923e-01        2.85e-02        -5.6508e-02        3.00e-02    
4.0160        4016              -1.8313e-01        2.87e-02        8.2634e-03        2.94e-02     
4.0180        4018              -2.3064e-01        2.70e-02        2.9820e-02        2.77e-02     
4.0200        4020              -2.4504e-01        2.72e-02        2.5683e-02        2.76e-02     
4.0250        4025              -2.4540e-01        2.62e-02        -7.4800e-03        2.73e-02    
4.0300        4030              -2.0900e-01        1.65e-02        -2.6222e-02        1.71e-02    
4.0350        4035              -2.1249e-01        2.59e-02        5.7611e-03        2.69e-02     
4.0400        4040              -2.1219e-01        2.63e-02        -3.8607e-02        2.76e-02    
4.0500        4050              -2.3369e-01        2.61e-02        -6.0737e-02        2.75e-02    
4.0550        4055              -1.9977e-01        2.62e-02        -6.5507e-03        2.72e-02    
4.0600        4060              -1.8308e-01        2.79e-02        -1.7138e-02        2.88e-02    
4.0650        4065              -2.0110e-01        2.57e-02        -4.7815e-02        2.73e-02    
4.0700        4070              -2.3099e-01        2.52e-02        -2.1654e-02        2.63e-02    
4.0800        4080              -2.0232e-01        2.45e-02        -3.3838e-02        2.58e-02    
4.0900        4090              -2.0296e-01        2.49e-02        -5.3219e-02        2.63e-02    
4.1000        4100              -1.6887e-01        2.52e-02        -5.4807e-03        2.62e-02    
4.1100        4110              -1.9837e-01        2.52e-02        -2.0024e-02        2.61e-02    
4.1200        4120              -2.6476e-01        2.42e-02        -4.3326e-02        2.55e-02    
4.1300        4130              -2.6634e-01        2.54e-02        -1.7286e-02        2.67e-02    
4.1400        4140              -2.1426e-01        2.50e-02        -1.9370e-03        2.57e-02    
4.1450        4145              -2.1332e-01        2.45e-02        -3.3199e-02        2.60e-02    
4.1500        4150              -2.3687e-01        2.39e-02        -5.0981e-02        2.53e-02    
4.1600        4160              -2.1034e-01        2.40e-02        -2.4893e-02        2.53e-02    
4.1700        4170               -1.9563e-01        1.58e-02        -3.7466e-02        1.66e-02   
4.1800        4180              -2.1534e-01        2.47e-02        8.0744e-03        2.56e-02     
4.1900        4190              -1.7724e-01        2.46e-02        -2.0182e-03        2.55e-02    
4.1950        4195              -2.0452e-01        2.52e-02        -7.5905e-03        2.60e-02    
4.2000        4200              -2.2850e-01        2.48e-02        -5.1584e-03        2.57e-02    
4.2030        4203              -2.1812e-01        2.62e-02        1.3517e-02        2.68e-02     
4.2060        4206              -2.3584e-01        2.49e-02        -2.3677e-02        2.61e-02    
4.2100        4210              -2.1631e-01        2.49e-02        -5.8558e-02        2.62e-02    
4.2150        4215              -2.1083e-01        2.49e-02        -3.9898e-02        2.62e-02    
4.2200        4220              -2.2795e-01        2.53e-02        3.8642e-02        2.62e-02     
4.2250        4225              -2.1513e-01        2.54e-02        -2.0414e-02        2.64e-02    
4.2300        4230              -1.9297e-01        2.60e-02        -1.7447e-03        2.67e-02    
4.2350        4235              -2.6347e-01        2.53e-02        -9.2187e-03        2.60e-02    
4.2400        4240              -1.9607e-01        2.61e-02        -2.6482e-02        2.71e-02    
4.2430        4243              -2.0076e-01        2.60e-02        -2.4417e-02        2.69e-02    
4.2450        4245              -2.1485e-01        2.62e-02        1.3080e-02        2.71e-02     
4.2480        4248              -2.0353e-01        2.65e-02        1.3230e-02        2.74e-02     
4.2500        4250              -1.3008e-01        2.62e-02        -5.6759e-02        2.71e-02    
4.2550        4255              -1.8713e-01        2.66e-02        2.8110e-02        2.69e-02     
4.2600        4260              -1.9460e-01        2.63e-02        -2.1544e-02        2.73e-02    
4.2650        4265              -1.8436e-01        2.64e-02        -2.9937e-02        2.74e-02    
4.2700        4270              -2.0967e-01        2.64e-02        -1.6259e-02        2.72e-02    
4.2750        4275              -1.7027e-01        2.63e-02        -1.8196e-02        2.76e-02    
4.2800        4280              -2.5037e-01        2.55e-02        -9.5067e-03        2.61e-02    
4.2850        4285              -1.9925e-01        2.60e-02        1.2608e-02        2.64e-02     
4.2900        4290              -2.4227e-01        2.50e-02        -2.3349e-02        2.64e-02    
4.3000        4300              -2.2743e-01        2.59e-02        1.4363e-02        2.65e-02     
4.3100        4310              -1.7028e-01        2.48e-02        -3.5103e-02        2.59e-02    
4.3200        4320              -1.7803e-01        2.41e-02        -5.8215e-02        2.54e-02    
4.3300        4330              -2.1879e-01        2.46e-02        7.7969e-04        2.55e-02     
4.3400        4340              -1.7082e-01        2.42e-02        -9.9612e-03        2.50e-02    
4.3500        4350              -1.8264e-01        2.42e-02        -2.0398e-02        2.52e-02    
4.3600        4360              -1.8649e-01        2.43e-02        3.5040e-02        2.46e-02     
4.3700        4370              -1.8937e-01        2.37e-02        -3.0854e-02        2.50e-02    
4.3800        4380              -1.9675e-01        2.37e-02        -3.5383e-02        2.49e-02    
4.3900        4390              -1.7751e-01        2.45e-02        -7.1524e-02        2.56e-02    
4.3950        4395              -1.7153e-01        2.38e-02        1.6116e-02        2.41e-02     
4.4000        4400              -1.9270e-01        2.44e-02        -2.7773e-02        2.54e-02    
4.4100        4410              -1.9611e-01        2.48e-02        3.9439e-03        2.54e-02     
4.4200        4420              -1.9518e-01        2.33e-02        -3.9093e-02        2.44e-02    
4.4250        4425              -2.0991e-01        2.32e-02        -1.0645e-04        2.40e-02    
4.4300        4430              -1.8369e-01        2.46e-02        -3.3721e-02        2.53e-02    
4.4400        4440              -1.9793e-01        2.31e-02        -1.0268e-02        2.40e-02    
4.4500        4450              -1.9860e-01        2.31e-02        -8.7076e-03        2.41e-02    
4.4600        4460              -2.1216e-01        2.24e-02        1.1357e-02        2.33e-02     
4.4800        4480              -1.8942e-01        2.31e-02        -5.4128e-02        2.42e-02    
4.5000        4500              -2.0212e-01        2.35e-02        1.3167e-02        2.40e-02     
4.5200        4520              -1.9588e-01        2.24e-02        -3.2499e-02        2.36e-02    
4.5400        4540              -1.9743e-01        2.20e-02        -3.2789e-03        2.25e-02    
4.5500        4550              -2.0034e-01        2.28e-02        3.5790e-02        2.33e-02     
4.5600        4560              -2.1784e-01        2.33e-02        1.3898e-04        2.43e-02     
4.5700        4570              -2.0772e-01        2.37e-02        -8.8626e-03        2.44e-02    
4.5800        4580              -1.8785e-01        2.30e-02        1.2242e-03        2.38e-02     
4.5900        4590              -1.7779e-01        2.39e-02        -4.1454e-02        2.50e-02
