4610      103.83      64314   64360   4.61186
4620      521.52      63075   63515   4.62800
4640      552.41      63516   63715   4.64091
4660      529.63      63718   63852   4.66124
4680      1669.31     63867   64015   4.68192
4681      1669.31     64365   65092   4.68192
4700      536.45      64028   64313   4.69882




- - - - - - - - - - - - - - - - - - - - - - - - 
注意4260, 两批run号， 亮度给了总和， 需要后续改动
4260	4257.97±0.04±0.66	828.4±0.1±5.5	29677-30367,31561-31981


3810    50.54     33490    33556     3.80765      
3900    52.61     33572    33657     3.89624      
4009    482.0     23463    24141     4.00762      
4090    52.86     33659    33719     4.08545      
4190    43.33     30372    30437     4.18859      
4210    54.95     31983    32045     4.20773      
4220    54.60     32046    32140     4.21713        
4230    44.54     30438    30491     4.22626      
4245    55.88     32141    32226     4.24166     
4260    828.4     29677    30367     4.25797  

4310    45.08     30492    30557     4.30789     
4360    543.9     30616    31279     4.35826     
4390    55.57     31281    31325     4.38740        
4420    46.80     31327    31390     4.41558     
4470    111.09    36245    36393     4.46706     
4530    112.12    36398    36588     4.52714 
4575    48.93     36603    36699     4.57450 
4600    586.9     35227    36213     4.59953 


/////////////////
3810    50.54     33490    33556     3.80765      
3900    52.61     33572    33657     3.89624      
4009    482.0     23463    24141     4.00762      
4090    52.86     33659    33719     4.08545      
4190    43.33     30372    30437     4.18859      
4210    54.95     31983    32045     4.20773      
4220    54.60     32046    32140     4.21713        
4230    44.54     30438    30491     4.22626      
4245    55.88     32141    32226     4.24166     
4260    828.4     29677    30367     4.25797  
4261    828.4     31561    31981     4.25797
4310    45.08     30492    30557     4.30789     
4360    543.9     30616    31279     4.35826     
4390    55.57     31281    31325     4.38740        
4420    46.80     31327    31390     4.41558     
4470    111.09    36245    36393     4.46706     
4530    112.12    36398    36588     4.52714 
4575    48.93     36603    36699     4.57450 
4600    586.9     35227    36213     4.59953 