4610      103.65      64314   64360   4.61186 
4620      521.53      63075   63515   4.62800 
4640      551.65      63516   63715   4.64091 
4660      529.43      63718   63852   4.66124 
4680      1667.39     63867   64015   4.68192 
4700      535.54      64028   64313   4.69882 
4740      163.87      65208   65307   4.73970 
4750      366.55      65322   65494   4.75005 
4780      511.47      65495   65645   4.78054 
4840      525.16      65647   65864   4.84307 
4914      207.82      65867   65935   4.91802 
4946      159.28      65938   66224   4.95093 
