4610      103.83      64314   64360   4.61186
4620      521.52      63075   63515   4.62800
4640      552.41      63516   63715   4.64091
4660      529.63      63718   63852   4.66124
4680      1669.31     63867   64015   4.68192
4681      1669.31     64365   65092   4.68192
4700      536.45      64028   64313   4.69882
4740  164.27   65208   65307   4.73970
4750  367.21   65322   65494   4.75005
4780  512.78   65495   65645   4.78054
4840  527.29   65647   65864   4.84307
4914  208.11   65867   65935   4.91802
4946  160.37   65938   66224   4.9509



代号     亮度         run_low   run_high  CMS      run_low1   run_low2

4610      103.83      64314   64360   4.61186
4620      521.52      63075   63515   4.62800
4640      552.41      63516   63715   4.64091
4660      529.63      63718   63852   4.66124

4680      1669.31     63867   64015   4.68192
4681      1669.31     64365   65092   4.68192

4700      536.45      64028   64313   4.69882
4740      164.27      65208   65307   4.73970
4750      367.21      65322   65494   4.75005
4780      512.78      65495   65645   4.78054
4840      527.29      65647   65864   4.84307
4914      208.11      65867   65935   4.91802
4946      160.37      65938   66224   4.95093


// if (Data.mmode ==0 && (Data.mrun>= HHHRUN_LOW) && (Data.mrun<= HHHRUN_HIGH))
// if (Data.mmode == HHH_MODE )
// if (Data.mmode ==HHH_MODE && ( ( (Data.mrun>= HHHRUN_LOW) && (Data.mrun<= HHHRUN_HIGH) ) || ( (Data.mrun>= HHHRUN_xxLOW1) && (Data.mrun<= HHHRUN_xxHIGH1) )  ) )



4610      103.65      64314   64360   4.61186     -1       -1
4620      521.53      63075   63515   4.62800     -1       -1
4640      551.65      63516   63715   4.64091     -1       -1
4660      529.43      63718   63852   4.66124     -1       -1
4680      1667.39     63867   64015   4.68192     64365   65092
4700      535.54      64028   64313   4.69882     -1       -1  
4740      163.87      65208   65307   4.73970     -1       -1  
4750      366.55      65322   65494   4.75005     -1       -1  
4780      511.47      65495   65645   4.78054     -1       -1  
4840      525.16      65647   65864   4.84307     -1       -1  
4914      207.82      65867   65935   4.91802     -1       -1  
4946      159.28      65938   66224   4.95093     -1       -1  






