0.0     0.1      001  
0.1     0.2      002  
0.2     0.3      003  
0.3     0.4      004  
0.4     0.5      005  
0.5     0.6      006  
0.6     0.7      007  
0.7     0.8      008  
0.8     0.9      009  
0.9     1.0      010  
1.0     1.1      011  
1.1     1.2      012  
1.2     1.3      013  
1.3     1.4      014  
1.4     1.5      015  
1.5     1.6      016  
1.6     1.7      017  
1.7     1.8      018  
1.8     1.9      019  
1.9     2.0      020  
2.0     2.1      021  
2.1     2.2      022  
2.2     2.3      023  
2.3     2.4      024  
2.4     2.5      025  

