0.0     0.1    -1.0    -0.9          001   
0.1     0.2    -1.0    -0.9          002   
0.2     0.3    -1.0    -0.9          003   
0.3     0.4    -1.0    -0.9          004   
0.4     0.5    -1.0    -0.9          005   
0.5     0.6    -1.0    -0.9          006   
0.6     0.7    -1.0    -0.9          007   
0.7     0.8    -1.0    -0.9          008   
0.8     0.9    -1.0    -0.9          009   
0.9     1.0    -1.0    -0.9          010   
1.0     1.1    -1.0    -0.9          011   
1.1     1.2    -1.0    -0.9          012   
1.2     1.3    -1.0    -0.9          013   
1.3     1.4    -1.0    -0.9          014   
1.4     1.5    -1.0    -0.9          015   
1.5     1.6    -1.0    -0.9          016   
1.6     1.7    -1.0    -0.9          017   
1.7     1.8    -1.0    -0.9          018   
1.8     1.9    -1.0    -0.9          019   
1.9     2.0    -1.0    -0.9          020   
2.0     2.1    -1.0    -0.9          021   
2.1     2.2    -1.0    -0.9          022   
2.2     2.3    -1.0    -0.9          023   
2.3     2.4    -1.0    -0.9          024   
2.4     2.5    -1.0    -0.9          025   
0.0     0.1    -0.9    -0.8          026   
0.1     0.2    -0.9    -0.8          027   
0.2     0.3    -0.9    -0.8          028   
0.3     0.4    -0.9    -0.8          029   
0.4     0.5    -0.9    -0.8          030   
0.5     0.6    -0.9    -0.8          031   
0.6     0.7    -0.9    -0.8          032   
0.7     0.8    -0.9    -0.8          033   
0.8     0.9    -0.9    -0.8          034   
0.9     1.0    -0.9    -0.8          035   
1.0     1.1    -0.9    -0.8          036   
1.1     1.2    -0.9    -0.8          037   
1.2     1.3    -0.9    -0.8          038   
1.3     1.4    -0.9    -0.8          039   
1.4     1.5    -0.9    -0.8          040   
1.5     1.6    -0.9    -0.8          041   
1.6     1.7    -0.9    -0.8          042   
1.7     1.8    -0.9    -0.8          043   
1.8     1.9    -0.9    -0.8          044   
1.9     2.0    -0.9    -0.8          045   
2.0     2.1    -0.9    -0.8          046   
2.1     2.2    -0.9    -0.8          047   
2.2     2.3    -0.9    -0.8          048   
2.3     2.4    -0.9    -0.8          049   
2.4     2.5    -0.9    -0.8          050   
0.0     0.1    -0.8    -0.7          051   
0.1     0.2    -0.8    -0.7          052   
0.2     0.3    -0.8    -0.7          053   
0.3     0.4    -0.8    -0.7          054   
0.4     0.5    -0.8    -0.7          055   
0.5     0.6    -0.8    -0.7          056   
0.6     0.7    -0.8    -0.7          057   
0.7     0.8    -0.8    -0.7          058   
0.8     0.9    -0.8    -0.7          059   
0.9     1.0    -0.8    -0.7          060   
1.0     1.1    -0.8    -0.7          061   
1.1     1.2    -0.8    -0.7          062   
1.2     1.3    -0.8    -0.7          063   
1.3     1.4    -0.8    -0.7          064   
1.4     1.5    -0.8    -0.7          065   
1.5     1.6    -0.8    -0.7          066   
1.6     1.7    -0.8    -0.7          067   
1.7     1.8    -0.8    -0.7          068   
1.8     1.9    -0.8    -0.7          069   
1.9     2.0    -0.8    -0.7          070   
2.0     2.1    -0.8    -0.7          071   
2.1     2.2    -0.8    -0.7          072   
2.2     2.3    -0.8    -0.7          073   
2.3     2.4    -0.8    -0.7          074   
2.4     2.5    -0.8    -0.7          075   
0.0     0.1    -0.7    -0.6          076   
0.1     0.2    -0.7    -0.6          077   
0.2     0.3    -0.7    -0.6          078   
0.3     0.4    -0.7    -0.6          079   
0.4     0.5    -0.7    -0.6          080   
0.5     0.6    -0.7    -0.6          081   
0.6     0.7    -0.7    -0.6          082   
0.7     0.8    -0.7    -0.6          083   
0.8     0.9    -0.7    -0.6          084   
0.9     1.0    -0.7    -0.6          085   
1.0     1.1    -0.7    -0.6          086   
1.1     1.2    -0.7    -0.6          087   
1.2     1.3    -0.7    -0.6          088   
1.3     1.4    -0.7    -0.6          089   
1.4     1.5    -0.7    -0.6          090   
1.5     1.6    -0.7    -0.6          091   
1.6     1.7    -0.7    -0.6          092   
1.7     1.8    -0.7    -0.6          093   
1.8     1.9    -0.7    -0.6          094   
1.9     2.0    -0.7    -0.6          095   
2.0     2.1    -0.7    -0.6          096   
2.1     2.2    -0.7    -0.6          097   
2.2     2.3    -0.7    -0.6          098   
2.3     2.4    -0.7    -0.6          099   
2.4     2.5    -0.7    -0.6          100   
0.0     0.1    -0.6    -0.5          101   
0.1     0.2    -0.6    -0.5          102   
0.2     0.3    -0.6    -0.5          103   
0.3     0.4    -0.6    -0.5          104   
0.4     0.5    -0.6    -0.5          105   
0.5     0.6    -0.6    -0.5          106   
0.6     0.7    -0.6    -0.5          107   
0.7     0.8    -0.6    -0.5          108   
0.8     0.9    -0.6    -0.5          109   
0.9     1.0    -0.6    -0.5          110   
1.0     1.1    -0.6    -0.5          111   
1.1     1.2    -0.6    -0.5          112   
1.2     1.3    -0.6    -0.5          113   
1.3     1.4    -0.6    -0.5          114   
1.4     1.5    -0.6    -0.5          115   
1.5     1.6    -0.6    -0.5          116   
1.6     1.7    -0.6    -0.5          117   
1.7     1.8    -0.6    -0.5          118   
1.8     1.9    -0.6    -0.5          119   
1.9     2.0    -0.6    -0.5          120   
2.0     2.1    -0.6    -0.5          121   
2.1     2.2    -0.6    -0.5          122   
2.2     2.3    -0.6    -0.5          123   
2.3     2.4    -0.6    -0.5          124   
2.4     2.5    -0.6    -0.5          125   
0.0     0.1    -0.5    -0.4          126   
0.1     0.2    -0.5    -0.4          127   
0.2     0.3    -0.5    -0.4          128   
0.3     0.4    -0.5    -0.4          129   
0.4     0.5    -0.5    -0.4          130   
0.5     0.6    -0.5    -0.4          131   
0.6     0.7    -0.5    -0.4          132   
0.7     0.8    -0.5    -0.4          133   
0.8     0.9    -0.5    -0.4          134   
0.9     1.0    -0.5    -0.4          135   
1.0     1.1    -0.5    -0.4          136   
1.1     1.2    -0.5    -0.4          137   
1.2     1.3    -0.5    -0.4          138   
1.3     1.4    -0.5    -0.4          139   
1.4     1.5    -0.5    -0.4          140   
1.5     1.6    -0.5    -0.4          141   
1.6     1.7    -0.5    -0.4          142   
1.7     1.8    -0.5    -0.4          143   
1.8     1.9    -0.5    -0.4          144   
1.9     2.0    -0.5    -0.4          145   
2.0     2.1    -0.5    -0.4          146   
2.1     2.2    -0.5    -0.4          147   
2.2     2.3    -0.5    -0.4          148   
2.3     2.4    -0.5    -0.4          149   
2.4     2.5    -0.5    -0.4          150   
0.0     0.1    -0.4    -0.3          151   
0.1     0.2    -0.4    -0.3          152   
0.2     0.3    -0.4    -0.3          153   
0.3     0.4    -0.4    -0.3          154   
0.4     0.5    -0.4    -0.3          155   
0.5     0.6    -0.4    -0.3          156   
0.6     0.7    -0.4    -0.3          157   
0.7     0.8    -0.4    -0.3          158   
0.8     0.9    -0.4    -0.3          159   
0.9     1.0    -0.4    -0.3          160   
1.0     1.1    -0.4    -0.3          161   
1.1     1.2    -0.4    -0.3          162   
1.2     1.3    -0.4    -0.3          163   
1.3     1.4    -0.4    -0.3          164   
1.4     1.5    -0.4    -0.3          165   
1.5     1.6    -0.4    -0.3          166   
1.6     1.7    -0.4    -0.3          167   
1.7     1.8    -0.4    -0.3          168   
1.8     1.9    -0.4    -0.3          169   
1.9     2.0    -0.4    -0.3          170   
2.0     2.1    -0.4    -0.3          171   
2.1     2.2    -0.4    -0.3          172   
2.2     2.3    -0.4    -0.3          173   
2.3     2.4    -0.4    -0.3          174   
2.4     2.5    -0.4    -0.3          175   
0.0     0.1    -0.3    -0.2          176   
0.1     0.2    -0.3    -0.2          177   
0.2     0.3    -0.3    -0.2          178   
0.3     0.4    -0.3    -0.2          179   
0.4     0.5    -0.3    -0.2          180   
0.5     0.6    -0.3    -0.2          181   
0.6     0.7    -0.3    -0.2          182   
0.7     0.8    -0.3    -0.2          183   
0.8     0.9    -0.3    -0.2          184   
0.9     1.0    -0.3    -0.2          185   
1.0     1.1    -0.3    -0.2          186   
1.1     1.2    -0.3    -0.2          187   
1.2     1.3    -0.3    -0.2          188   
1.3     1.4    -0.3    -0.2          189   
1.4     1.5    -0.3    -0.2          190   
1.5     1.6    -0.3    -0.2          191   
1.6     1.7    -0.3    -0.2          192   
1.7     1.8    -0.3    -0.2          193   
1.8     1.9    -0.3    -0.2          194   
1.9     2.0    -0.3    -0.2          195   
2.0     2.1    -0.3    -0.2          196   
2.1     2.2    -0.3    -0.2          197   
2.2     2.3    -0.3    -0.2          198   
2.3     2.4    -0.3    -0.2          199   
2.4     2.5    -0.3    -0.2          200   
0.0     0.1    -0.2    -0.1          201   
0.1     0.2    -0.2    -0.1          202   
0.2     0.3    -0.2    -0.1          203   
0.3     0.4    -0.2    -0.1          204   
0.4     0.5    -0.2    -0.1          205   
0.5     0.6    -0.2    -0.1          206   
0.6     0.7    -0.2    -0.1          207   
0.7     0.8    -0.2    -0.1          208   
0.8     0.9    -0.2    -0.1          209   
0.9     1.0    -0.2    -0.1          210   
1.0     1.1    -0.2    -0.1          211   
1.1     1.2    -0.2    -0.1          212   
1.2     1.3    -0.2    -0.1          213   
1.3     1.4    -0.2    -0.1          214   
1.4     1.5    -0.2    -0.1          215   
1.5     1.6    -0.2    -0.1          216   
1.6     1.7    -0.2    -0.1          217   
1.7     1.8    -0.2    -0.1          218   
1.8     1.9    -0.2    -0.1          219   
1.9     2.0    -0.2    -0.1          220   
2.0     2.1    -0.2    -0.1          221   
2.1     2.2    -0.2    -0.1          222   
2.2     2.3    -0.2    -0.1          223   
2.3     2.4    -0.2    -0.1          224   
2.4     2.5    -0.2    -0.1          225   
0.0     0.1    -0.1    0.0           226   
0.1     0.2    -0.1    0.0           227   
0.2     0.3    -0.1    0.0           228   
0.3     0.4    -0.1    0.0           229   
0.4     0.5    -0.1    0.0           230   
0.5     0.6    -0.1    0.0           231   
0.6     0.7    -0.1    0.0           232   
0.7     0.8    -0.1    0.0           233   
0.8     0.9    -0.1    0.0           234   
0.9     1.0    -0.1    0.0           235   
1.0     1.1    -0.1    0.0           236   
1.1     1.2    -0.1    0.0           237   
1.2     1.3    -0.1    0.0           238   
1.3     1.4    -0.1    0.0           239   
1.4     1.5    -0.1    0.0           240   
1.5     1.6    -0.1    0.0           241   
1.6     1.7    -0.1    0.0           242   
1.7     1.8    -0.1    0.0           243   
1.8     1.9    -0.1    0.0           244   
1.9     2.0    -0.1    0.0           245   
2.0     2.1    -0.1    0.0           246   
2.1     2.2    -0.1    0.0           247   
2.2     2.3    -0.1    0.0           248   
2.3     2.4    -0.1    0.0           249   
2.4     2.5    -0.1    0.0           250   
0.0     0.1    0.0    0.1            251   
0.1     0.2    0.0    0.1            252   
0.2     0.3    0.0    0.1            253   
0.3     0.4    0.0    0.1            254   
0.4     0.5    0.0    0.1            255   
0.5     0.6    0.0    0.1            256   
0.6     0.7    0.0    0.1            257   
0.7     0.8    0.0    0.1            258   
0.8     0.9    0.0    0.1            259   
0.9     1.0    0.0    0.1            260   
1.0     1.1    0.0    0.1            261   
1.1     1.2    0.0    0.1            262   
1.2     1.3    0.0    0.1            263   
1.3     1.4    0.0    0.1            264   
1.4     1.5    0.0    0.1            265   
1.5     1.6    0.0    0.1            266   
1.6     1.7    0.0    0.1            267   
1.7     1.8    0.0    0.1            268   
1.8     1.9    0.0    0.1            269   
1.9     2.0    0.0    0.1            270   
2.0     2.1    0.0    0.1            271   
2.1     2.2    0.0    0.1            272   
2.2     2.3    0.0    0.1            273   
2.3     2.4    0.0    0.1            274   
2.4     2.5    0.0    0.1            275   
0.0     0.1    0.1    0.2            276   
0.1     0.2    0.1    0.2            277   
0.2     0.3    0.1    0.2            278   
0.3     0.4    0.1    0.2            279   
0.4     0.5    0.1    0.2            280   
0.5     0.6    0.1    0.2            281   
0.6     0.7    0.1    0.2            282   
0.7     0.8    0.1    0.2            283   
0.8     0.9    0.1    0.2            284   
0.9     1.0    0.1    0.2            285   
1.0     1.1    0.1    0.2            286   
1.1     1.2    0.1    0.2            287   
1.2     1.3    0.1    0.2            288   
1.3     1.4    0.1    0.2            289   
1.4     1.5    0.1    0.2            290   
1.5     1.6    0.1    0.2            291   
1.6     1.7    0.1    0.2            292   
1.7     1.8    0.1    0.2            293   
1.8     1.9    0.1    0.2            294   
1.9     2.0    0.1    0.2            295   
2.0     2.1    0.1    0.2            296   
2.1     2.2    0.1    0.2            297   
2.2     2.3    0.1    0.2            298   
2.3     2.4    0.1    0.2            299   
2.4     2.5    0.1    0.2            300   
0.0     0.1    0.2    0.3            301   
0.1     0.2    0.2    0.3            302   
0.2     0.3    0.2    0.3            303   
0.3     0.4    0.2    0.3            304   
0.4     0.5    0.2    0.3            305   
0.5     0.6    0.2    0.3            306   
0.6     0.7    0.2    0.3            307   
0.7     0.8    0.2    0.3            308   
0.8     0.9    0.2    0.3            309   
0.9     1.0    0.2    0.3            310   
1.0     1.1    0.2    0.3            311   
1.1     1.2    0.2    0.3            312   
1.2     1.3    0.2    0.3            313   
1.3     1.4    0.2    0.3            314   
1.4     1.5    0.2    0.3            315   
1.5     1.6    0.2    0.3            316   
1.6     1.7    0.2    0.3            317   
1.7     1.8    0.2    0.3            318   
1.8     1.9    0.2    0.3            319   
1.9     2.0    0.2    0.3            320   
2.0     2.1    0.2    0.3            321   
2.1     2.2    0.2    0.3            322   
2.2     2.3    0.2    0.3            323   
2.3     2.4    0.2    0.3            324   
2.4     2.5    0.2    0.3            325   
0.0     0.1    0.3    0.4            326   
0.1     0.2    0.3    0.4            327   
0.2     0.3    0.3    0.4            328   
0.3     0.4    0.3    0.4            329   
0.4     0.5    0.3    0.4            330   
0.5     0.6    0.3    0.4            331   
0.6     0.7    0.3    0.4            332   
0.7     0.8    0.3    0.4            333   
0.8     0.9    0.3    0.4            334   
0.9     1.0    0.3    0.4            335   
1.0     1.1    0.3    0.4            336   
1.1     1.2    0.3    0.4            337   
1.2     1.3    0.3    0.4            338   
1.3     1.4    0.3    0.4            339   
1.4     1.5    0.3    0.4            340   
1.5     1.6    0.3    0.4            341   
1.6     1.7    0.3    0.4            342   
1.7     1.8    0.3    0.4            343   
1.8     1.9    0.3    0.4            344   
1.9     2.0    0.3    0.4            345   
2.0     2.1    0.3    0.4            346   
2.1     2.2    0.3    0.4            347   
2.2     2.3    0.3    0.4            348   
2.3     2.4    0.3    0.4            349   
2.4     2.5    0.3    0.4            350   
0.0     0.1    0.4    0.5            351   
0.1     0.2    0.4    0.5            352   
0.2     0.3    0.4    0.5            353   
0.3     0.4    0.4    0.5            354   
0.4     0.5    0.4    0.5            355   
0.5     0.6    0.4    0.5            356   
0.6     0.7    0.4    0.5            357   
0.7     0.8    0.4    0.5            358   
0.8     0.9    0.4    0.5            359   
0.9     1.0    0.4    0.5            360   
1.0     1.1    0.4    0.5            361   
1.1     1.2    0.4    0.5            362   
1.2     1.3    0.4    0.5            363   
1.3     1.4    0.4    0.5            364   
1.4     1.5    0.4    0.5            365   
1.5     1.6    0.4    0.5            366   
1.6     1.7    0.4    0.5            367   
1.7     1.8    0.4    0.5            368   
1.8     1.9    0.4    0.5            369   
1.9     2.0    0.4    0.5            370   
2.0     2.1    0.4    0.5            371   
2.1     2.2    0.4    0.5            372   
2.2     2.3    0.4    0.5            373   
2.3     2.4    0.4    0.5            374   
2.4     2.5    0.4    0.5            375   
0.0     0.1    0.5    0.6            376   
0.1     0.2    0.5    0.6            377   
0.2     0.3    0.5    0.6            378   
0.3     0.4    0.5    0.6            379   
0.4     0.5    0.5    0.6            380   
0.5     0.6    0.5    0.6            381   
0.6     0.7    0.5    0.6            382   
0.7     0.8    0.5    0.6            383   
0.8     0.9    0.5    0.6            384   
0.9     1.0    0.5    0.6            385   
1.0     1.1    0.5    0.6            386   
1.1     1.2    0.5    0.6            387   
1.2     1.3    0.5    0.6            388   
1.3     1.4    0.5    0.6            389   
1.4     1.5    0.5    0.6            390   
1.5     1.6    0.5    0.6            391   
1.6     1.7    0.5    0.6            392   
1.7     1.8    0.5    0.6            393   
1.8     1.9    0.5    0.6            394   
1.9     2.0    0.5    0.6            395   
2.0     2.1    0.5    0.6            396   
2.1     2.2    0.5    0.6            397   
2.2     2.3    0.5    0.6            398   
2.3     2.4    0.5    0.6            399   
2.4     2.5    0.5    0.6            400   
0.0     0.1    0.6    0.7            401   
0.1     0.2    0.6    0.7            402   
0.2     0.3    0.6    0.7            403   
0.3     0.4    0.6    0.7            404   
0.4     0.5    0.6    0.7            405   
0.5     0.6    0.6    0.7            406   
0.6     0.7    0.6    0.7            407   
0.7     0.8    0.6    0.7            408   
0.8     0.9    0.6    0.7            409   
0.9     1.0    0.6    0.7            410   
1.0     1.1    0.6    0.7            411   
1.1     1.2    0.6    0.7            412   
1.2     1.3    0.6    0.7            413   
1.3     1.4    0.6    0.7            414   
1.4     1.5    0.6    0.7            415   
1.5     1.6    0.6    0.7            416   
1.6     1.7    0.6    0.7            417   
1.7     1.8    0.6    0.7            418   
1.8     1.9    0.6    0.7            419   
1.9     2.0    0.6    0.7            420   
2.0     2.1    0.6    0.7            421   
2.1     2.2    0.6    0.7            422   
2.2     2.3    0.6    0.7            423   
2.3     2.4    0.6    0.7            424   
2.4     2.5    0.6    0.7            425   
0.0     0.1    0.7    0.8            426   
0.1     0.2    0.7    0.8            427   
0.2     0.3    0.7    0.8            428   
0.3     0.4    0.7    0.8            429   
0.4     0.5    0.7    0.8            430   
0.5     0.6    0.7    0.8            431   
0.6     0.7    0.7    0.8            432   
0.7     0.8    0.7    0.8            433   
0.8     0.9    0.7    0.8            434   
0.9     1.0    0.7    0.8            435   
1.0     1.1    0.7    0.8            436   
1.1     1.2    0.7    0.8            437   
1.2     1.3    0.7    0.8            438   
1.3     1.4    0.7    0.8            439   
1.4     1.5    0.7    0.8            440   
1.5     1.6    0.7    0.8            441   
1.6     1.7    0.7    0.8            442   
1.7     1.8    0.7    0.8            443   
1.8     1.9    0.7    0.8            444   
1.9     2.0    0.7    0.8            445   
2.0     2.1    0.7    0.8            446   
2.1     2.2    0.7    0.8            447   
2.2     2.3    0.7    0.8            448   
2.3     2.4    0.7    0.8            449   
2.4     2.5    0.7    0.8            450   
0.0     0.1    0.8    0.9            451   
0.1     0.2    0.8    0.9            452   
0.2     0.3    0.8    0.9            453   
0.3     0.4    0.8    0.9            454   
0.4     0.5    0.8    0.9            455   
0.5     0.6    0.8    0.9            456   
0.6     0.7    0.8    0.9            457   
0.7     0.8    0.8    0.9            458   
0.8     0.9    0.8    0.9            459   
0.9     1.0    0.8    0.9            460   
1.0     1.1    0.8    0.9            461   
1.1     1.2    0.8    0.9            462   
1.2     1.3    0.8    0.9            463   
1.3     1.4    0.8    0.9            464   
1.4     1.5    0.8    0.9            465   
1.5     1.6    0.8    0.9            466   
1.6     1.7    0.8    0.9            467   
1.7     1.8    0.8    0.9            468   
1.8     1.9    0.8    0.9            469   
1.9     2.0    0.8    0.9            470   
2.0     2.1    0.8    0.9            471   
2.1     2.2    0.8    0.9            472   
2.2     2.3    0.8    0.9            473   
2.3     2.4    0.8    0.9            474   
2.4     2.5    0.8    0.9            475   
0.0     0.1    0.9    1.0            476   
0.1     0.2    0.9    1.0            477   
0.2     0.3    0.9    1.0            478   
0.3     0.4    0.9    1.0            479   
0.4     0.5    0.9    1.0            480   
0.5     0.6    0.9    1.0            481   
0.6     0.7    0.9    1.0            482   
0.7     0.8    0.9    1.0            483   
0.8     0.9    0.9    1.0            484   
0.9     1.0    0.9    1.0            485   
1.0     1.1    0.9    1.0            486   
1.1     1.2    0.9    1.0            487   
1.2     1.3    0.9    1.0            488   
1.3     1.4    0.9    1.0            489   
1.4     1.5    0.9    1.0            490   
1.5     1.6    0.9    1.0            491   
1.6     1.7    0.9    1.0            492   
1.7     1.8    0.9    1.0            493   
1.8     1.9    0.9    1.0            494   
1.9     2.0    0.9    1.0            495   
2.0     2.1    0.9    1.0            496   
2.1     2.2    0.9    1.0            497   
2.2     2.3    0.9    1.0            498   
2.3     2.4    0.9    1.0            499   
2.4     2.5    0.9    1.0            500   
