3.80765                     332.835647                     134.9857038
3.85                     414.9763286                     350.0077838
3.89                     1871.45996                     325.2025878
3.895                     1301.274854                     348.2665002
3.89624                     2072.006689                     132.6055424
3.9                     1858.569344                     347.7311235
3.905                     2564.524747                     343.6713977
3.91                     2712.911751                     355.9013465
3.915                     2660.586586                     351.8923645
3.92                     3268.147687                     377.8354509
3.925                     3448.2603                     384.7353828
3.93                     3280.187197                     381.292853
3.935                     3381.563935                     366.5715463
3.945                     3722.175118                     364.1985045
3.95                     4587.795616                     367.0138451
3.97                     4338.140058                     379.5594852
3.975                     4633.548164                     355.5999033
3.98                     5889.64766                     379.0952054
3.985                     5558.869476                     373.4844278
3.995                     5580.536055                     372.8888689
4                     5857.697822                     383.5758914
4.005                     5932.19591                     388.0310053
4.00762                     6060.299386                     47.31715856
4.01                     6365.098955                     397.4688265
4.012                     6957.809766                     424.1474494
4.014                     6622.862726                     422.0514714
4.016                     7179.892203                     425.7766053
4.018                     7717.400086                     424.3909834
4.02                     8487.617812                     439.9717643
4.025                     9502.183654                     464.2709823
4.03                     10795.58207                     300.6933878
4.035                     11823.40543                     482.8362916
4.04                     11269.60153                     475.8827606
4.05                     9217.387349                     458.3814291
4.055                     9740.512922                     446.7678082
4.06                     10076.88908                     469.2042465
4.065                     9464.80131                     441.7898701
4.07                     9519.499596                     435.7357058
4.08                     9116.662528                     410.8925044
4.08545                     8841.973192                     158.6943301
4.09                     8746.287625                     414.6627896
4.1                     8297.583825                     412.9257541
4.11                     9360.236954                     435.2978932
4.12                     8597.970054                     417.5767026
4.12848                     8424.927655                     57.48898651
4.13                     9733.670919                     443.6152147
4.14                     9403.066443                     439.5336083
4.145                     9489.183135                     425.1127574
4.15                     9369.609561                     438.9388752
4.15744                     8755.976313                     58.16721166
4.16                     8793.804301                     412.3222899
4.17                     9415.238733                     282.5142234
4.18                     8968.116333                     441.2008513
4.18859                     8256.868243                     177.1000156
4.1888                     7912.166363                     49.32891879
4.19                     8044.514161                     426.2841425
4.195                     9056.863376                     433.5080536
4.1989                     7557.349432                     49.04432585
4.2                     7993.644992                     416.5175792
4.203                     8259.825314                     445.2295306
4.206                     8131.01599                     419.7147182
4.20773                     7525.90493                     152.4678681
4.2092                     6744.638745                     48.11033286
4.21                     6807.356081                     398.916309
4.215                     7050.738727                     392.9915342
4.21713                     6471.307863                     148.3200637
4.2187                     5909.024006                     46.48180906
4.22                     5842.865972                     378.2779577
4.225                     4936.311743                     359.4467309
4.22626                     5205.289607                     30.91209812
4.23                     4656.442866                     353.3417192
4.235                     4533.645728                     350.6715958
4.2357                     4490.637045                     43.09934746
4.24                     4700.441895                     374.0490591
4.24166                     4192.177161                     133.8717832
4.243                     5069.360135                     345.3715183
4.2438                     4210.097515                     42.25182063
4.245                     3717.14477                     330.9810373
4.248                     4458.238734                     340.4386957
4.25                     4758.017482                     352.4323988
4.255                     3667.653671                     329.7280867
4.25797                     4067.546378                     34.13147943
4.26                     4247.870417                     331.2960935
4.265                     3690.58057                     330.4208329
4.2668                     4079.552584                     42.0948194
4.27                     3665.417721                     330.260083
4.275                     3365.666589                     327.6437367
4.2777                     4008.235816                     73.08973196
4.28                     3882.083658                     332.8509643
4.285                     4074.769149                     332.2580058
4.28788                     3942.077718                     43.43711554
4.29                     4398.267555                     332.7222962
4.3                     4094.182528                     338.840993
4.30789                     4518.98969                     148.6336854
4.31                     4930.866021                     344.2676134
4.31205                     4222.535779                     43.87852862
4.32                     4445.50997                     323.213586
4.33                     4571.003052                     337.61431
4.33739                     5008.075688                     45.01487277
4.34                     4556.372069                     335.8578984
4.35                     5266.682765                     350.8483261
4.35826                     5822.6687                     44.3936415
4.36                     5643.188986                     360.1315251
4.37                     6702.946226                     368.1059735
4.37737                     6452.006665                     46.44097091
4.38                     6430.953501                     374.4241744
4.3874                     7185.325916                     145.271868
4.39                     7234.553261                     403.1089008
4.395                     6641.822437                     389.923482
4.39645                     7086.219779                     48.04585784
4.4                     7035.585382                     407.0194084
4.41                     8331.446518                     454.6849447
4.41558                     7525.034291                     32.32819153
4.42                     7670.852845                     406.910573
4.425                     7666.346671                     406.7603708
4.43                     7535.382653                     427.4316281
4.43624                     7590.157219                     45.91376236
4.44                     7011.572367                     391.7522125
4.45                     7437.046164                     401.7248991
4.46                     6541.348506                     358.2327324
4.46706                     5980.583766                     98.18933601
4.48                     6290.553907                     365.9888497
4.5                     5966.626085                     365.7948284
4.52                     5073.676515                     333.4048769
4.52714                     5613.972287                     95.5470198
4.54                     5547.628238                     337.3501206
4.55                     4914.033771                     331.8551334
4.56                     4873.069114                     350.8666769
4.57                     5268.895072                     345.2396913
4.5745                     5225.312876                     141.6939327
4.58                     5187.054198                     344.725439
4.59                     4822.956299                     342.7920683
4.59953                     5125.866052                     40.63010267
4.61186                     4972.258176                     96.23956143
4.628                     4989.600887                     42.65911974
4.64091                     4869.628181                     41.33480476
4.66124                     5171.660587                     42.54314664
4.68192                     5361.508036                     23.71679567
4.69882                     5513.839542                     42.94986615
4.7397                     5170.615538                     76.73346403
4.75005                     5183.628505                     51.3557568
4.78054                     5088.466785                     43.15755555
4.84307                     4688.300153                     41.7872695
4.91802                     4651.005807                     66.07491699
4.95093                     4639.007179                     75.97644335
