3.80765           332.8356470117887          134.98570379368496 
3.89624           2072.0066891527113          132.605542396773 
4.00762           6056.377530391072          47.50815651174912 
4.08545           8842.391636094935          159.00966506928765 
4.12848           8399.743286305373          57.72411732001718 
4.15744           8742.787336746986          58.49909584919799 
4.18859           8224.05187837085          178.39204599855256 
4.1888           7902.955615123366          49.703435313224 
4.1989           7545.1934394567115          49.36506571621069 
4.20773           7520.39129938982          153.7532240012855 
4.2092           6734.897544387259          48.49204617314384 
4.21713           6460.482257567839          149.4723884067329 
4.2187           5909.565805874184          46.853557917380186 
4.22626           5202.74015518164          31.133071871899908 
4.2357           4489.971082235045          43.4241498646014 
4.24166           4178.140178224239          134.72242368272 
4.2438           4200.3219657275895          42.53664895752498 
4.25797           4057.7186817121074          34.34137945373972 
4.2668           4066.883360752049          42.327247898283204 
4.2777           3997.625046220811          73.51044680982233 
4.28788           3938.9329615274473          43.740086190093564 
4.30789           4486.169062212061          149.7640375891177 
4.31205           4210.371664389747          44.14390358106798 
4.33739           5004.100569214692          45.29568757578293 
4.35826           5816.517340107367          44.697673221215915 
4.37737           6442.760991475233          46.74861805178578 
4.3874           7181.278641555616          146.28378134492658 
4.39645           7084.938649551401          48.39134256662455 
4.41558           7522.869997758414          32.61986218826314 
4.43624           7598.963303562938          46.32859443534148 
4.46706           5975.263052343783          98.95176909255427 
4.52714           5594.54275922431          96.11200389260433 
4.5745           5239.216358263945          142.75726381226045 
4.59953           5125.454336966721          40.95419037318038 
