3.80765                157.609                   0.774567                    203.48
3.85                142.544                   0.79098                    180.212
3.89                1318.42                   0.736552                    1789.98
3.895                533.901                   0.965928                    552.734
3.89624                1347.02                   0.70284                    1916.53
3.9                1162.43                   0.775439                    1499.06
3.905                1725.3                   0.728654                    2367.79
3.91                1815.39                   0.747806                    2427.62
3.915                1710.38                   0.775206                    2206.36
3.92                2262.42                   0.742169                    3048.39
3.925                2350.12                   0.758005                    3100.4
3.93                2253.2                   0.778884                    2892.86
3.935                2163.21                   0.794513                    2722.69
3.94                2818.86                   0.755606                    3730.6
3.95                3177.21                   0.770899                    4121.43
3.97                2755.02                   0.823629                    3344.98
3.975                2998.02                   0.807843                    3711.14
3.98                3922.82                   0.769084                    5100.64
3.985                3752.51                   0.796526                    4711.09
3.995                3591.74                   0.817552                    4393.28
4                3733.84                   0.813325                    4590.83
4.005                3793.8                   0.816516                    4646.33
4.00762                3801.88                   0.8193                    4640.4
4.01                4010.75                   0.80969                    4953.44
4.012                4336.82                   0.795943                    5448.65
4.014                3938.12                   0.827059                    4761.6
4.016                4446.14                   0.796358                    5583.09
4.018                4703.9                   0.791842                    5940.45
4.02                5599.02                   0.762954                    7338.6
4.025                6312.22                   0.767727                    8221.96
4.03                7514.92                   0.757809                    9916.65
4.035                8574.32                   0.757398                    11320.7
4.04                8649.03                   0.774082                    11173.3
4.055                7300.43                   0.82586                    8839.79
4.06                7382.85                   0.823631                    8963.78
4.065                7125.17                   0.83472                    8536
4.08                6696.36                   0.851488                    7864.3
4.08545                6600.89                   0.855228                    7718.29
4.09                6522.17                   0.858586                    7596.41
4.1                5850.54                   0.884857                    6611.85
4.11                7113.92                   0.838244                    8486.69
4.12                6069.9                   0.886335                    6848.32
4.12848                5918.02                   0.887603                    6667.41
4.13                7019.26                   0.835137                    8404.92
4.14                6712.84                   0.866592                    7746.25
4.145                6579.66                   0.873488                    7532.62
4.15                6421.22                   0.880403                    7293.5
4.15744                5958.57                   0.899735                    6622.59
4.16                6068.91                   0.891509                    6807.46
4.17                6457.31                   0.876914                    7363.68
4.18                6200.64                   0.891902                    6952.16
4.18859                5581.86                   0.920288                    6065.34
4.1888                5241.27                   0.948618                    5525.17
4.19                5199.18                   0.942279                    5517.66
4.195                6214.56                   0.879756                    7063.95
4.1989                4952.5                   0.960168                    5157.96
4.2                5072.82                   0.943499                    5376.6
4.203                5456.75                   0.913767                    5971.71
4.206                5566.69                   0.908981                    6124.1
4.20773                4943.11                   0.953905                    5181.98
4.2092                4383.89                   0.997296                    4395.78
4.21                4748.38                   0.954229                    4976.15
4.215                4714.89                   0.951866                    4953.32
4.21713                4251.29                   0.990931                    4290.2
4.2187                3781.01                   1.0366                    3647.52
4.22                3390.23                   1.08079                    3136.79
4.225                3327.08                   1.0568                    3148.28
4.22626                3392.9                   1.04207                    3255.93
4.23                2899.18                   1.10804                    2616.49
4.235                2634.66                   1.13074                    2330.03
4.2357                2792.71                   1.09211                    2557.16
4.24                2843.97                   1.0743                    2647.27
4.24166                2615.18                   1.11621                    2342.92
4.243                3192.16                   1.00708                    3169.72
4.2438                2565.35                   1.13156                    2267.09
4.245                2040.35                   1.26387                    1614.37
4.248                2681.81                   1.07044                    2505.32
4.25                2829.75                   1.04686                    2703.08
4.255                2179.45                   1.17655                    1852.41
4.25797                2526.6                   1.0787                    2342.26
4.26                2649.86                   1.0555                    2510.52
4.265                2435.89                   1.09345                    2227.7
4.2668                2487.01                   1.07797                    2307.13
4.27                2088.27                   1.16634                    1790.45
4.275                2143.17                   1.12916                    1898.02
4.2777                2478.34                   1.04982                    2360.73
4.28                2460.46                   1.05771                    2326.23
4.285                2541.17                   1.04115                    2440.73
4.28788                2546.78                   1.03981                    2449.29
4.29                2899.97                   0.981779                    2953.79
4.3                2519.36                   1.04612                    2408.29
4.30789                2941.82                   0.978307                    3007.05
4.31                3362.67                   0.930014                    3615.72
4.31205                2803.81                   1.013                    2767.83
4.32                2864.17                   0.99297                    2884.44
4.33                2948.86                   0.981591                    3004.16
4.33739                3388.11                   0.936277                    3618.7
4.34                3097.36                   0.97528                    3175.87
4.35                3560.4                   0.927863                    3837.21
4.35826                3893.7                   0.910245                    4277.65
4.36                3678.59                   0.933974                    3938.65
4.37                4410.34                   0.885993                    4977.86
4.37737                4338.14                   0.902329                    4807.71
4.38                3927.06                   0.938362                    4185.02
4.3874                4893.89                   0.871603                    5614.81
4.39                4537.33                   0.90288                    5025.4
4.395                4082.7                   0.936277                    4360.56
4.39645                4625.09                   0.888475                    5205.65
4.4                4416.28                   0.912659                    4838.91
4.41                5064.35                   0.879804                    5756.22
4.41558                4877.13                   0.898497                    5428.1
4.42                4738.27                   0.908637                    5214.7
4.425                5002.4                   0.892859                    5602.68
4.43                4723.38                   0.914922                    5162.61
4.43624                4863.97                   0.905376                    5372.33
4.44                4413.67                   0.939627                    4697.25
4.45                4809.39                   0.908301                    5294.93
4.46                4003.93                   0.969026                    4131.92
4.46706                3948.25                   0.964278                    4094.52
4.48                4203.18                   0.93928                    4474.89
4.5                4175.31                   0.943642                    4424.67
4.52                3264.08                   1.01955                    3201.51
4.52714                3741.6                   0.958894                    3902
4.54                3652.03                   0.970879                    3761.57
4.55                3015.71                   1.03896                    2902.63
4.56                3104.46                   1.01149                    3069.2
4.57                3510.46                   0.963879                    3642.01
4.5745                3504.07                   0.968266                    3618.91
4.58                3576.94                   0.961939                    3718.47
4.59                3237.89                   0.998762                    3241.9
4.59953                3458.89                   0.969362                    3568.21
4.61186                3381.52                   0.97907                    3453.8
4.628                3326.63                   0.98219                    3386.95
4.64091                3233.68                   0.989914                    3266.63
4.66124                3433.72                   0.967247                    3549.99
4.68192                3568.05                   0.958585                    3722.2
4.69882                3699.3                   0.950947                    3890.13
4.7397                3313.26                   0.986288                    3359.32
4.75005                3333                   0.981212                    3396.82
4.78054                3314.39                   0.980306                    3380.98
4.84307                3037.43                   1.00039                    3036.25
4.91802                3023.41                   0.992772                    3045.42
4.95093                3014.26                   0.991883                    3038.93


////////////////////begin second iteration

3.80765                157.609                   0.774567                    203.48
3.85                142.544                   0.792278                    179.917
3.89                1318.42                   0.738425                    1785.44
3.895                533.901                   1.06436                    501.615
3.89624                1347.02                   0.684698                    1967.31
3.9                1162.43                   0.781026                    1488.34
3.905                1725.3                   0.724377                    2381.77
3.91                1815.39                   0.748998                    2423.75
3.915                1710.38                   0.77966                    2193.75
3.92                2262.42                   0.738333                    3064.23
3.925                2350.12                   0.759809                    3093.04
3.93                2253.2                   0.785576                    2868.22
3.935                2163.21                   0.800746                    2701.49
3.94                2818.86                   0.752665                    3745.17
3.95                3177.21                   0.772615                    4112.28
3.97                2755.02                   0.834822                    3300.13
3.975                2998.02                   0.811517                    3694.34
3.98                3922.82                   0.763995                    5134.62
3.985                3752.51                   0.800349                    4688.59
3.995                3591.74                   0.824174                    4357.98
4                3733.84                   0.817287                    4568.57
4.005                3793.8                   0.820897                    4621.53
4.00762                3801.88                   0.824615                    4610.49
4.01                4010.75                   0.810726                    4947.11
4.012                4336.82                   0.79423                    5460.4
4.014                3938.12                   0.835822                    4711.68
4.016                4446.14                   0.793687                    5601.88
4.018                4703.9                   0.789451                    5958.45
4.02                5599.02                   0.754628                    7419.57
4.025                6312.22                   0.76423                    8259.59
4.03                7514.92                   0.75377                    9969.79
4.035                8574.32                   0.754307                    11367.1
4.04                8649.03                   0.775119                    11158.3
4.055                7300.43                   0.836111                    8731.41
4.06                7382.85                   0.830587                    8888.71
4.065                7125.17                   0.843927                    8442.87
4.08                6696.36                   0.861831                    7769.92
4.08545                6600.89                   0.865145                    7629.81
4.09                6522.17                   0.868585                    7508.96
4.1                5850.54                   0.901567                    6489.31
4.11                7113.92                   0.83834                    8485.73
4.12                6069.9                   0.902339                    6726.85
4.12848                5918.02                   0.900506                    6571.87
4.13                7019.26                   0.828799                    8469.19
4.14                6712.84                   0.874144                    7679.34
4.145                6579.66                   0.88214                    7458.74
4.15                6421.22                   0.890419                    7211.46
4.15744                5958.57                   0.915236                    6510.42
4.16                6068.91                   0.902367                    6725.54
4.17                6457.31                   0.882194                    7319.6
4.18                6200.64                   0.902114                    6873.46
4.18859                5581.86                   0.939057                    5944.12
4.1888                5241.27                   0.983786                    5327.65
4.19                5199.18                   0.969892                    5360.58
4.195                6214.56                   0.880637                    7056.89
4.1989                4952.5                   0.997392                    4965.45
4.2                5072.82                   0.969393                    5232.99
4.203                5456.75                   0.925054                    5898.84
4.206                5566.69                   0.919236                    6055.78
4.20773                4943.11                   0.985453                    5016.08
4.2092                4383.89                   1.0507                    4172.37
4.21                4748.38                   0.980038                    4845.1
4.215                4714.89                   0.976612                    4827.81
4.21713                4251.29                   1.03572                    4104.69
4.2187                3781.01                   1.10776                    3413.19
4.22                3390.23                   1.18069                    2871.4
4.225                3327.08                   1.13093                    2941.91
4.22626                3392.9                   1.10547                    3069.19
4.23                2899.18                   1.21643                    2383.35
4.235                2634.66                   1.25108                    2105.91
4.2357                2792.71                   1.18032                    2366.05
4.24                2843.97                   1.15019                    2472.61
4.24166                2615.18                   1.22248                    2139.24
4.243                3192.16                   1.03824                    3074.6
4.2438                2565.35                   1.25444                    2045.01
4.245                2040.35                   1.50698                    1353.93
4.248                2681.81                   1.13685                    2358.99
4.25                2829.75                   1.09969                    2573.23
4.255                2179.45                   1.32538                    1644.4
4.25797                2526.6                   1.14803                    2200.82
4.26                2649.86                   1.11087                    2385.4
4.265                2435.89                   1.17461                    2073.78
4.2668                2487.01                   1.1464                    2169.4
4.27                2088.27                   1.30121                    1604.87
4.275                2143.17                   1.22902                    1743.8
4.2777                2478.34                   1.09621                    2260.83
4.28                2460.46                   1.1103                    2216.05
4.285                2541.17                   1.08499                    2342.11
4.28788                2546.78                   1.08295                    2351.71
4.29                2899.97                   0.994836                    2915.02
4.3                2519.36                   1.09518                    2300.42
4.30789                2941.82                   0.99189                    2965.87
4.31                3362.67                   0.924381                    3637.76
4.31205                2803.81                   1.0499                    2670.55
4.32                2864.17                   1.01445                    2823.37
4.33                2948.86                   0.998343                    2953.75
4.33739                3388.11                   0.936002                    3619.77
4.34                3097.36                   0.99358                    3117.38
4.35                3560.4                   0.92664                    3842.28
4.35826                3893.7                   0.906064                    4297.38
4.36                3678.59                   0.939927                    3913.7
4.37                4410.34                   0.876849                    5029.76
4.37737                4338.14                   0.900816                    4815.79
4.38                3927.06                   0.950686                    4130.77
4.3874                4893.89                   0.860198                    5689.26
4.39                4537.33                   0.903936                    5019.53
4.395                4082.7                   0.948086                    4306.25
4.39645                4625.09                   0.879789                    5257.04
4.4                4416.28                   0.915628                    4823.22
4.41                5064.35                   0.872586                    5803.84
4.41558                4877.13                   0.898558                    5427.73
4.42                4738.27                   0.911655                    5197.44
4.425                5002.4                   0.889873                    5621.48
4.43                4723.38                   0.920386                    5131.96
4.43624                4863.97                   0.906155                    5367.71
4.44                4413.67                   0.953763                    4627.64
4.45                4809.39                   0.908113                    5296.03
4.46                4003.93                   0.992124                    4035.72
4.46706                3948.25                   0.981388                    4023.13
4.48                4203.18                   0.945494                    4445.48
4.5                4175.31                   0.951519                    4388.04
4.52                3264.08                   1.05674                    3088.82
4.52714                3741.6                   0.965794                    3874.12
4.54                3652.03                   0.984272                    3710.39
4.55                3015.71                   1.08332                    2783.76
4.56                3104.46                   1.03701                    2993.67
4.57                3510.46                   0.969191                    3622.05
4.5745                3504.07                   0.976634                    3587.91
4.58                3576.94                   0.968184                    3694.49
4.59                3237.89                   1.02069                    3172.24
4.59953                3458.89                   0.976972                    3540.42
4.61186                3381.52                   0.991196                    3411.55
4.628                3326.63                   0.994816                    3343.97
4.64091                3233.68                   1.00504                    3217.48
4.66124                3433.72                   0.97314                    3528.49
4.68192                3568.05                   0.962304                    3707.82
4.69882                3699.3                   0.952789                    3882.61
4.7397                3313.26                   0.999943                    3313.45
4.75005                3333                   0.991522                    3361.5
4.78054                3314.39                   0.989508                    3349.54
4.84307                3037.43                   1.01482                    2993.06
4.91802                3023.41                   1.00191                    3017.64
4.95093                3014.26                   1.00038                    3013.11


////////////////////begin third iteration

3.80765                157.609                   0.774567                    203.48
3.85                142.544                   0.792381                    179.893
3.89                1318.42                   0.735855                    1791.68
3.895                533.901                   1.10876                    481.53
3.89624                1347.02                   0.678628                    1984.91
3.9                1162.43                   0.783                    1484.59
3.905                1725.3                   0.721679                    2390.68
3.91                1815.39                   0.749397                    2422.46
3.915                1710.38                   0.780475                    2191.46
3.92                2262.42                   0.737359                    3068.27
3.925                2350.12                   0.760333                    3090.91
3.93                2253.2                   0.786876                    2863.48
3.935                2163.21                   0.801483                    2699.01
3.94                2818.86                   0.752343                    3746.77
3.95                3177.21                   0.772887                    4110.83
3.97                2755.02                   0.835787                    3296.32
3.975                2998.02                   0.810982                    3696.77
3.98                3922.82                   0.762215                    5146.61
3.985                3752.51                   0.801166                    4683.81
3.995                3591.74                   0.82501                    4353.57
4                3733.84                   0.817242                    4568.83
4.005                3793.8                   0.821541                    4617.91
4.00762                3801.88                   0.824558                    4610.81
4.01                4010.75                   0.810282                    4949.82
4.012                4336.82                   0.792509                    5472.26
4.014                3938.12                   0.83844                    4696.97
4.016                4446.14                   0.791839                    5614.95
4.018                4703.9                   0.788661                    5964.42
4.02                5599.02                   0.752385                    7441.69
4.025                6312.22                   0.763845                    8263.75
4.03                7514.92                   0.753263                    9976.5
4.035                8574.32                   0.754268                    11367.7
4.04                8649.03                   0.775755                    11149.2
4.055                7300.43                   0.838185                    8709.8
4.06                7382.85                   0.831284                    8881.27
4.065                7125.17                   0.845482                    8427.34
4.08                6696.36                   0.862791                    7761.27
4.08545                6600.89                   0.866069                    7621.67
4.09                6522.17                   0.869488                    7501.16
4.1                5850.54                   0.904303                    6469.67
4.11                7113.92                   0.836378                    8505.63
4.12                6069.9                   0.905499                    6703.37
4.12848                5918.02                   0.901987                    6561.08
4.13                7019.26                   0.823858                    8519.99
4.14                6712.84                   0.87511                    7670.86
4.145                6579.66                   0.883008                    7451.41
4.15                6421.22                   0.891514                    7202.6
4.15744                5958.57                   0.917613                    6493.56
4.16                6068.91                   0.902981                    6720.97
4.17                6457.31                   0.881457                    7325.72
4.18                6200.64                   0.9029                    6867.47
4.18859                5581.86                   0.942541                    5922.15
4.1888                5241.27                   0.995927                    5262.71
4.19                5199.18                   0.976415                    5324.76
4.195                6214.56                   0.877417                    7082.78
4.1989                4952.5                   1.00931                    4906.8
4.2                5072.82                   0.974511                    5205.5
4.203                5456.75                   0.924789                    5900.53
4.206                5566.69                   0.918825                    6058.49
4.20773                4943.11                   0.994514                    4970.38
4.2092                4383.89                   1.07006                    4096.85
4.21                4748.38                   0.98381                    4826.52
4.215                4714.89                   0.980468                    4808.82
4.21713                4251.29                   1.04913                    4052.22
4.2187                3781.01                   1.13469                    3332.19
4.22                3390.23                   1.22444                    2768.8
4.225                3327.08                   1.15495                    2880.73
4.22626                3392.9                   1.12335                    3020.35
4.23                2899.18                   1.26073                    2299.61
4.235                2634.66                   1.29974                    2027.07
4.2357                2792.71                   1.20859                    2310.71
4.24                2843.97                   1.172                    2426.6
4.24166                2615.18                   1.26289                    2070.79
4.243                3192.16                   1.03642                    3079.98
4.2438                2565.35                   1.30864                    1960.31
4.245                2040.35                   1.65354                    1233.93
4.248                2681.81                   1.15045                    2331.1
4.25                2829.75                   1.10819                    2553.5
4.255                2179.45                   1.39288                    1564.71
4.25797                2526.6                   1.16323                    2172.05
4.26                2649.86                   1.12049                    2364.92
4.265                2435.89                   1.1979                    2033.46
4.2668                2487.01                   1.16251                    2139.35
4.27                2088.27                   1.3582                    1537.53
4.275                2143.17                   1.2606                    1700.12
4.2777                2478.34                   1.09943                    2254.21
4.28                2460.46                   1.11823                    2200.32
4.285                2541.17                   1.08929                    2332.87
4.28788                2546.78                   1.08773                    2341.37
4.29                2899.97                   0.987017                    2938.11
4.3                2519.36                   1.105                    2279.96
4.30789                2941.82                   0.987307                    2979.64
4.31                3362.67                   0.913979                    3679.16
4.31205                2803.81                   1.05853                    2648.77
4.32                2864.17                   1.01343                    2826.22
4.33                2948.86                   0.996423                    2959.44
4.33739                3388.11                   0.929531                    3644.97
4.34                3097.36                   0.99473                    3113.77
4.35                3560.4                   0.920918                    3866.15
4.35826                3893.7                   0.90079                    4322.54
4.36                3678.59                   0.93876                    3918.57
4.37                4410.34                   0.871382                    5061.32
4.37737                4338.14                   0.898194                    4829.85
4.38                3927.06                   0.953182                    4119.95
4.3874                4893.89                   0.854695                    5725.89
4.39                4537.33                   0.903125                    5024.03
4.395                4082.7                   0.949956                    4297.77
4.39645                4625.09                   0.873797                    5293.09
4.4                4416.28                   0.914779                    4827.7
4.41                5064.35                   0.869016                    5827.68
4.41558                4877.13                   0.897492                    5434.18
4.42                4738.27                   0.911238                    5199.82
4.425                5002.4                   0.887324                    5637.63
4.43                4723.38                   0.920737                    5130
4.43624                4863.97                   0.904463                    5377.75
4.44                4413.67                   0.957256                    4610.75
4.45                4809.39                   0.905752                    5309.84
4.46                4003.93                   0.998373                    4010.46
4.46706                3948.25                   0.98401                    4012.41
4.48                4203.18                   0.944147                    4451.82
4.5                4175.31                   0.951046                    4390.22
4.52                3264.08                   1.06693                    3059.31
4.52714                3741.6                   0.963108                    3884.93
4.54                3652.03                   0.984983                    3707.71
4.55                3015.71                   1.09698                    2749.09
4.56                3104.46                   1.04022                    2984.41
4.57                3510.46                   0.965643                    3635.36
4.5745                3504.07                   0.974956                    3594.08
4.58                3576.94                   0.966123                    3702.37
4.59                3237.89                   1.02452                    3160.4
4.59953                3458.89                   0.974985                    3547.64
4.61186                3381.52                   0.991263                    3411.32
4.628                3326.63                   0.995109                    3342.98
4.64091                3233.68                   1.00581                    3215.01
4.66124                3433.72                   0.970913                    3536.58
4.68192                3568.05                   0.960253                    3715.74
4.69882                3699.3                   0.950578                    3891.64
4.7397                3313.26                   1.00145                    3308.45
4.75005                3333                   0.991478                    3361.65
4.78054                3314.39                   0.989329                    3350.14
4.84307                3037.43                   1.0158                    2990.17
4.91802                3023.41                   1.00138                    3019.25
4.95093                3014.26                   0.999706                    3015.15


////////////////////begin fourth iteration

3.80765                157.609                   0.774567                    203.48
3.85                142.544                   0.792389                    179.891
3.89                1318.42                   0.735819                    1791.77
3.895                533.901                   1.13096                    472.079
3.89624                1347.02                   0.676898                    1989.98
3.9                1162.43                   0.784044                    1482.61
3.905                1725.3                   0.72133                    2391.84
3.91                1815.39                   0.749787                    2421.2
3.915                1710.38                   0.78079                    2190.58
3.92                2262.42                   0.737236                    3068.78
3.925                2350.12                   0.760575                    3089.93
3.93                2253.2                   0.787202                    2862.29
3.935                2163.21                   0.801592                    2698.64
3.94                2818.86                   0.751406                    3751.45
3.95                3177.21                   0.772959                    4110.45
3.97                2755.02                   0.835952                    3295.67
3.975                2998.02                   0.810747                    3697.84
3.98                3922.82                   0.761868                    5148.95
3.985                3752.51                   0.802042                    4678.69
3.995                3591.74                   0.825164                    4352.76
4                3733.84                   0.817147                    4569.36
4.005                3793.8                   0.821189                    4619.89
4.00762                3801.88                   0.824933                    4608.71
4.01                4010.75                   0.810113                    4950.85
4.012                4336.82                   0.792032                    5475.56
4.014                3938.12                   0.839422                    4691.47
4.016                4446.14                   0.791201                    5619.48
4.018                4703.9                   0.788189                    5967.99
4.02                5599.02                   0.752203                    7443.49
4.025                6312.22                   0.763942                    8262.7
4.03                7514.92                   0.753053                    9979.27
4.035                8574.32                   0.754171                    11369.2
4.04                8649.03                   0.77594                    11146.5
4.055                7300.43                   0.838575                    8705.75
4.06                7382.85                   0.83143                    8879.7
4.065                7125.17                   0.845519                    8426.97
4.08                6696.36                   0.863031                    7759.11
4.08545                6600.89                   0.866099                    7621.41
4.09                6522.17                   0.869734                    7499.04
4.1                5850.54                   0.904616                    6467.43
4.11                7113.92                   0.835839                    8511.12
4.12                6069.9                   0.906429                    6696.5
4.12848                5918.02                   0.9021                    6560.26
4.13                7019.26                   0.821934                    8539.92
4.14                6712.84                   0.875747                    7665.28
4.145                6579.66                   0.883227                    7449.56
4.15                6421.22                   0.891753                    7200.67
4.15744                5958.57                   0.918404                    6487.96
4.16                6068.91                   0.902861                    6721.86
4.17                6457.31                   0.881103                    7328.67
4.18                6200.64                   0.903263                    6864.72
4.18859                5581.86                   0.943526                    5915.96
4.1888                5241.27                   1.00149                    5233.46
4.19                5199.18                   0.978318                    5314.41
4.195                6214.56                   0.875938                    7094.75
4.1989                4952.5                   1.01418                    4883.25
4.2                5072.82                   0.975685                    5199.24
4.203                5456.75                   0.923835                    5906.62
4.206                5566.69                   0.918306                    6061.91
4.20773                4943.11                   0.998141                    4952.32
4.2092                4383.89                   1.07815                    4066.12
4.21                4748.38                   0.983786                    4826.64
4.215                4714.89                   0.981181                    4805.32
4.21713                4251.29                   1.05426                    4032.48
4.2187                3781.01                   1.14669                    3297.32
4.22                3390.23                   1.24553                    2721.92
4.225                3327.08                   1.16327                    2860.1
4.22626                3392.9                   1.12846                    3006.68
4.23                2899.18                   1.28046                    2264.16
4.235                2634.66                   1.32128                    1994.03
4.2357                2792.71                   1.21687                    2294.99
4.24                2843.97                   1.17781                    2414.63
4.24166                2615.18                   1.2801                    2042.96
4.243                3192.16                   1.03093                    3096.39
4.2438                2565.35                   1.33677                    1919.07
4.245                2040.35                   1.74981                    1166.04
4.248                2681.81                   1.15069                    2330.61
4.25                2829.75                   1.10749                    2555.11
4.255                2179.45                   1.42776                    1526.48
4.25797                2526.6                   1.16478                    2169.16
4.26                2649.86                   1.11984                    2366.28
4.265                2435.89                   1.20522                    2021.11
4.2668                2487.01                   1.16573                    2133.44
4.27                2088.27                   1.38564                    1507.08
4.275                2143.17                   1.27085                    1686.41
4.2777                2478.34                   1.09574                    2261.79
4.28                2460.46                   1.11782                    2201.12
4.285                2541.17                   1.08775                    2336.17
4.28788                2546.78                   1.08673                    2343.53
4.29                2899.97                   0.981202                    2955.53
4.3                2519.36                   1.10746                    2274.9
4.30789                2941.82                   0.983526                    2991.09
4.31                3362.67                   0.909124                    3698.8
4.31205                2803.81                   1.06212                    2639.82
4.32                2864.17                   1.0115                    2831.59
4.33                2948.86                   0.994686                    2964.61
4.33739                3388.11                   0.926756                    3655.88
4.34                3097.36                   0.995101                    3112.61
4.35                3560.4                   0.91864                    3875.73
4.35826                3893.7                   0.899163                    4330.37
4.36                3678.59                   0.938746                    3918.62
4.37                4410.34                   0.870013                    5069.29
4.37737                4338.14                   0.897863                    4831.63
4.38                3927.06                   0.954604                    4113.82
4.3874                4893.89                   0.853144                    5736.3
4.39                4537.33                   0.903549                    5021.68
4.395                4082.7                   0.950835                    4293.8
4.39645                4625.09                   0.871559                    5306.68
4.4                4416.28                   0.914892                    4827.1
4.41                5064.35                   0.868008                    5834.45
4.41558                4877.13                   0.897646                    5433.24
4.42                4738.27                   0.91149                    5198.38
4.425                5002.4                   0.886649                    5641.92
4.43                4723.38                   0.921141                    5127.75
4.43624                4863.97                   0.90414                    5379.67
4.44                4413.67                   0.958815                    4603.25
4.45                4809.39                   0.905047                    5313.97
4.46                4003.93                   1.00078                    4000.81
4.46706                3948.25                   0.984335                    4011.09
4.48                4203.18                   0.94325                    4456.05
4.5                4175.31                   0.950989                    4390.49
4.52                3264.08                   1.07061                    3048.8
4.52714                3741.6                   0.96134                    3892.07
4.54                3652.03                   0.985028                    3707.54
4.55                3015.71                   1.10216                    2736.19
4.56                3104.46                   1.04034                    2984.07
4.57                3510.46                   0.96393                    3641.82
4.5745                3504.07                   0.974243                    3596.71
4.58                3576.94                   0.964972                    3706.78
4.59                3237.89                   1.02581                    3156.43
4.59953                3458.89                   0.973833                    3551.83
4.61186                3381.52                   0.991117                    3411.82
4.628                3326.63                   0.994807                    3344
4.64091                3233.68                   1.00583                    3214.93
4.66124                3433.72                   0.96999                    3539.95
4.68192                3568.05                   0.959621                    3718.19
4.69882                3699.3                   0.949979                    3894.09
4.7397                3313.26                   1.002                    3306.64
4.75005                3333                   0.991339                    3362.12
4.78054                3314.39                   0.989209                    3350.55
4.84307                3037.43                   1.01616                    2989.11
4.91802                3023.41                   1.00109                    3020.12
4.95093                3014.26                   0.999436                    3015.96



fifth /////////////////

3.80765                157.609                   0.774567                    203.48
3.85                142.544                   0.79239                    179.891
3.89                1318.42                   0.735818                    1791.77
3.895                533.901                   1.14127                    467.812
3.89624                1347.02                   0.676144                    1992.2
3.9                1162.43                   0.784303                    1482.12
3.905                1725.3                   0.722894                    2386.66
3.91                1815.39                   0.74985                    2421
3.915                1710.38                   0.780799                    2190.55
3.92                2262.42                   0.737174                    3069.04
3.925                2350.12                   0.760606                    3089.8
3.93                2253.2                   0.787233                    2862.18
3.935                2163.21                   0.801561                    2698.75
3.94                2818.86                   0.751206                    3752.45
3.95                3177.21                   0.773025                    4110.1
3.97                2755.02                   0.836785                    3292.39
3.975                2998.02                   0.810675                    3698.17
3.98                3922.82                   0.762297                    5146.05
3.985                3752.51                   0.801761                    4680.33
3.995                3591.74                   0.825133                    4352.92
4                3733.84                   0.817543                    4567.14
4.005                3793.8                   0.821081                    4620.49
4.00762                3801.88                   0.824579                    4610.69
4.01                4010.75                   0.809606                    4953.95
4.012                4336.82                   0.791896                    5476.5
4.014                3938.12                   0.839315                    4692.07
4.016                4446.14                   0.790969                    5621.13
4.018                4703.9                   0.788439                    5966.1
4.02                5599.02                   0.751913                    7446.36
4.025                6312.22                   0.764226                    8259.63
4.03                7514.92                   0.753013                    9979.8
4.035                8574.32                   0.754343                    11366.6
4.04                8649.03                   0.775996                    11145.7
4.055                7300.43                   0.838641                    8705.07
4.06                7382.85                   0.831217                    8881.98
4.065                7125.17                   0.84549                    8427.27
4.08                6696.36                   0.86285                    7760.74
4.08545                6600.89                   0.86628                    7619.81
4.09                6522.17                   0.869561                    7500.53
4.1                5850.54                   0.904905                    6465.37
4.11                7113.92                   0.8355                    8514.57
4.12                6069.9                   0.906726                    6694.3
4.12848                5918.02                   0.901839                    6562.16
4.13                7019.26                   0.821094                    8548.66
4.14                6712.84                   0.875846                    7664.41
4.145                6579.66                   0.883282                    7449.1
4.15                6421.22                   0.891814                    7200.18
4.15744                5958.57                   0.918423                    6487.83
4.16                6068.91                   0.902729                    6722.85
4.17                6457.31                   0.880991                    7329.6
4.18                6200.64                   0.903199                    6865.2
4.18859                5581.86                   0.943813                    5914.16
4.1888                5241.27                   1.0042                    5219.35
4.19                5199.18                   0.979025                    5310.57
4.195                6214.56                   0.875347                    7099.54
4.1989                4952.5                   1.01649                    4872.14
4.2                5072.82                   0.975824                    5198.5
4.203                5456.75                   0.923314                    5909.96
4.206                5566.69                   0.918084                    6063.37
4.20773                4943.11                   0.999724                    4944.48
4.2092                4383.89                   1.08178                    4052.49
4.21                4748.38                   0.983153                    4829.75
4.215                4714.89                   0.981301                    4804.73
4.21713                4251.29                   1.05641                    4024.27
4.2187                3781.01                   1.15231                    3281.23
4.22                3390.23                   1.25625                    2698.69
4.225                3327.08                   1.16598                    2853.46
4.22626                3392.9                   1.12958                    3003.69
4.23                2899.18                   1.29001                    2247.41
4.235                2634.66                   1.33104                    1979.41
4.2357                2792.71                   1.21858                    2291.78
4.24                2843.97                   1.17906                    2412.07
4.24166                2615.18                   1.28792                    2030.55
4.243                3192.16                   1.02672                    3109.07
4.2438                2565.35                   1.35266                    1896.53
4.245                2040.35                   1.81624                    1123.39
4.248                2681.81                   1.14792                    2336.23
4.25                2829.75                   1.10587                    2558.85
4.255                2179.45                   1.44577                    1507.46
4.25797                2526.6                   1.16312                    2172.25
4.26                2649.86                   1.11787                    2370.45
4.265                2435.89                   1.20758                    2017.17
4.2668                2487.01                   1.16577                    2133.36
4.27                2088.27                   1.39985                    1491.78
4.275                2143.17                   1.27383                    1682.46
4.2777                2478.34                   1.09224                    2269.05
4.28                2460.46                   1.11645                    2203.83
4.285                2541.17                   1.08614                    2339.65
4.28788                2546.78                   1.08551                    2346.16
4.29                2899.97                   0.978219                    2964.54
4.3                2519.36                   1.10829                    2273.21
4.30789                2941.82                   0.981753                    2996.49
4.31                3362.67                   0.907294                    3706.27
4.31205                2803.81                   1.06372                    2635.86
4.32                2864.17                   1.01042                    2834.64
4.33                2948.86                   0.994238                    2965.95
4.33739                3388.11                   0.925856                    3659.43
4.34                3097.36                   0.995462                    3111.48
4.35                3560.4                   0.918109                    3877.98
4.35826                3893.7                   0.898766                    4332.28
4.36                3678.59                   0.938987                    3917.62
4.37                4410.34                   0.869494                    5072.31
4.37737                4338.14                   0.897716                    4832.42
4.38                3927.06                   0.955274                    4110.93
4.3874                4893.89                   0.852689                    5739.36
4.39                4537.33                   0.903855                    5019.98
4.395                4082.7                   0.951165                    4292.31
4.39645                4625.09                   0.870678                    5312.05
4.4                4416.28                   0.91507                    4826.16
4.41                5064.35                   0.867875                    5835.34
4.41558                4877.13                   0.897791                    5432.36
4.42                4738.27                   0.911454                    5198.58
4.425                5002.4                   0.886433                    5643.29
4.43                4723.38                   0.921336                    5126.67
4.43624                4863.97                   0.903883                    5381.2
4.44                4413.67                   0.959602                    4599.48
4.45                4809.39                   0.904753                    5315.7
4.46                4003.93                   1.00158                    3997.64
4.46706                3948.25                   0.984258                    4011.4
4.48                4203.18                   0.942884                    4457.79
4.5                4175.31                   0.950823                    4391.25
4.52                3264.08                   1.07195                    3044.99
4.52714                3741.6                   0.960439                    3895.72
4.54                3652.03                   0.985045                    3707.48
4.55                3015.71                   1.10429                    2730.92
4.56                3104.46                   1.04002                    2985
4.57                3510.46                   0.963018                    3645.27
4.5745                3504.07                   0.973982                    3597.68
4.58                3576.94                   0.964709                    3707.8
4.59                3237.89                   1.02633                    3154.84
4.59953                3458.89                   0.973327                    3553.68
4.61186                3381.52                   0.991083                    3411.94
4.628                3326.63                   0.994863                    3343.81
4.64091                3233.68                   1.00584                    3214.92
4.66124                3433.72                   0.969681                    3541.08
4.68192                3568.05                   0.959474                    3718.75
4.69882                3699.3                   0.949852                    3894.61
4.7397                3313.26                   1.00221                    3305.94
4.75005                3333                   0.991413                    3361.87
4.78054                3314.39                   0.989027                    3351.16
4.84307                3037.43                   1.01611                    2989.27
4.91802                3023.41                   1.00084                    3020.89
4.95093                3014.26                   0.999356                    3016.2


