3.80765                332.836                   0.774567                    429.705
3.85                414.976                   0.804054                    516.105
3.89                1871.46                   0.746802                    2505.96
3.895                1301.27                   0.82842                    1570.79
3.89624                2072.01                   0.720648                    2875.2
3.9                1858.57                   0.773707                    2402.16
3.905                2564.52                   0.738822                    3471.1
3.91                2712.91                   0.753056                    3602.54
3.915                2660.59                   0.77191                    3446.76
3.92                3268.15                   0.752512                    4342.98
3.925                3448.26                   0.763679                    4515.33
3.93                3280.19                   0.784174                    4182.98
3.935                3381.56                   0.785448                    4305.27
3.94                4344.23                   0.754518                    5757.62
3.95                4593.41                   0.779407                    5893.47
3.97                4381.83                   0.814697                    5378.48
3.975                4662.61                   0.807109                    5776.93
3.98                5843.05                   0.773838                    7550.74
3.985                5588.92                   0.799943                    6986.66
3.995                5551.56                   0.813751                    6822.18
4                5851                   0.808313                    7238.54
4.005                5906.95                   0.814166                    7255.21
4.00762                6056.38                   0.81236                    7455.29
4.01                6338.52                   0.805325                    7870.76
4.012                6862.94                   0.792103                    8664.2
4.014                6647.21                   0.807427                    8232.59
4.016                7205.86                   0.79156                    9103.37
4.018                7593.95                   0.787516                    9642.91
4.02                8467.08                   0.771957                    10968.3
4.025                9472.05                   0.772682                    12258.7
4.03                10812.2                   0.767085                    14095.2
4.035                11834.9                   0.769308                    15383.8
4.04                11264.4                   0.793057                    14203.8
4.055                9747.81                   0.834172                    11685.6
4.06                10102.6                   0.826596                    12222
4.065                9474.65                   0.845482                    11206.2
4.08                9144.07                   0.85454                    10700.6
4.08545                8842.39                   0.86325                    10243.1
4.09                8761.98                   0.864833                    10131.4
4.1                8277.42                   0.878559                    9421.58
4.11                9307.54                   0.851402                    10932
4.12                8693.6                   0.875795                    9926.53
4.12848                8399.74                   0.883671                    9505.51
4.13                9633.68                   0.841341                    11450.4
4.14                9343.84                   0.866811                    10779.6
4.145                9442.34                   0.865905                    10904.6
4.15                9246.86                   0.874222                    10577.2
4.15744                8742.79                   0.88981                    9825.45
4.16                8763.19                   0.887469                    9874.37
4.17                9371.53                   0.871969                    10747.5
4.18                8829.04                   0.892318                    9894.5
4.18859                8224.05                   0.910487                    9032.58
4.1888                7902.96                   0.92779                    8518.04
4.19                8103.62                   0.912245                    8883.16
4.195                9007.07                   0.880134                    10233.7
4.1989                7545.19                   0.940472                    8022.77
4.2                7973.52                   0.914106                    8722.75
4.203                8138.86                   0.907546                    8967.99
4.206                8095.27                   0.909664                    8899.18
4.20773                7520.39                   0.935965                    8034.9
4.2092                6734.9                   0.975395                    6904.79
4.21                6723.88                   0.969896                    6932.58
4.215                7044.97                   0.940662                    7489.38
4.21713                6460.48                   0.972923                    6640.28
4.2187                5909.57                   1.00527                    5878.56
4.22                5817.59                   1.00418                    5793.37
4.225                4984.03                   1.05263                    4734.83
4.22626                5202.74                   1.02407                    5080.46
4.23                4687.86                   1.06218                    4413.45
4.235                4473.43                   1.06449                    4202.43
4.2357                4489.97                   1.05974                    4236.86
4.24                4777.02                   1.02171                    4675.53
4.24166                4178.14                   1.08741                    3842.3
4.243                5004.02                   0.990183                    5053.63
4.2438                4200.32                   1.08455                    3872.88
4.245                3677.81                   1.14786                    3204.05
4.248                4321.5                   1.04206                    4147.05
4.25                4652.24                   1.00874                    4611.91
4.255                3730.82                   1.10979                    3361.74
4.25797                4057.72                   1.05389                    3850.22
4.26                4051.09                   1.05349                    3845.39
4.265                3623.46                   1.09817                    3299.54
4.2668                4066.88                   1.03399                    3933.18
4.27                3656.46                   1.08623                    3366.21
4.275                3355.4                   1.11468                    3010.19
4.2777                3997.63                   1.02153                    3913.38
4.28                3886                   1.03921                    3739.38
4.285                4131.7                   1.01068                    4088.03
4.28788                3938.93                   1.03278                    3813.91
4.29                4303.89                   0.990716                    4344.22
4.3                4073.05                   1.01551                    4010.86
4.30789                4486.17                   0.975828                    4597.29
4.31                4996.99                   0.935666                    5340.57
4.31205                4210.37                   1.01308                    4156.02
4.32                4423.15                   0.982121                    4503.67
4.33                4590.76                   0.969754                    4733.94
4.33739                5004.1                   0.942444                    5309.71
4.34                4613.99                   0.977087                    4722.19
4.35                5259.26                   0.930784                    5650.36
4.35826                5816.52                   0.908724                    6400.75
4.36                5588.28                   0.926693                    6030.34
4.37                6739.95                   0.880248                    7656.88
4.37737                6442.76                   0.904962                    7119.37
4.38                6427.85                   0.906587                    7090.17
4.3874                7181.28                   0.880185                    8158.83
4.39                7202.91                   0.884245                    8145.83
4.395                6604.87                   0.915447                    7214.91
4.39645                7084.94                   0.889181                    7967.94
4.4                6951.76                   0.901393                    7712.24
4.41                8381.13                   0.86042                    9740.74
4.41558                7522.87                   0.900621                    8352.98
4.42                7794.9                   0.88838                    8774.28
4.425                7624.28                   0.898558                    8485.01
4.43                7534.78                   0.90314                    8342.87
4.43624                7598.96                   0.902051                    8424.09
4.44                7016.73                   0.929137                    7551.89
4.45                7396.9                   0.909115                    8136.38
4.46                6565.64                   0.94736                    6930.45
4.46706                5975.26                   0.973173                    6139.98
4.48                6283.89                   0.945953                    6642.91
4.5                5937.15                   0.961457                    6175.16
4.52                5112.08                   1.00243                    5099.7
4.52714                5594.54                   0.963002                    5809.48
4.54                5592.91                   0.965193                    5794.6
4.55                4861.19                   1.01401                    4794.04
4.56                4849.93                   1.00334                    4833.8
4.57                5326.76                   0.96567                    5516.13
4.5745                5239.22                   0.974358                    5377.1
4.58                5179.77                   0.978084                    5295.83
4.59                4827.74                   1.00124                    4821.76
4.59953                5125.45                   0.974396                    5260.14
4.61186                4965.68                   0.98612                    5035.57
4.628                4976.73                   0.982029                    5067.81
4.64091                4870.44                   0.988156                    4928.81
4.66124                5167.52                   0.96646                    5346.85
4.68192                5358.4                   0.958541                    5590.16
4.69882                5500.86                   0.95384                    5767.07
4.7397                5150.48                   0.975989                    5277.19
4.75005                5183.47                   0.972205                    5331.66
4.78054                5083.89                   0.977115                    5202.96
4.84307                4685.15                   0.995721                    4705.28
4.91802                4638.46                   0.990476                    4683.06
4.95093                4624.65                   0.989412                    4674.14


////////////////////begin second iteration

3.80765                332.836                   0.774567                    429.705
3.85                414.976                   0.775845                    534.87
3.89                1871.46                   0.74541                    2510.65
3.895                1301.27                   0.855672                    1520.76
3.89624                2072.01                   0.708266                    2925.47
3.9                1858.57                   0.779163                    2385.34
3.905                2564.52                   0.732455                    3501.27
3.91                2712.91                   0.75579                    3589.51
3.915                2660.59                   0.775689                    3429.96
3.92                3268.15                   0.749092                    4362.81
3.925                3448.26                   0.763424                    4516.83
3.93                3280.19                   0.789515                    4154.69
3.935                3381.56                   0.789101                    4285.34
3.94                4344.23                   0.75121                    5782.98
3.95                4593.41                   0.781334                    5878.93
3.97                4381.83                   0.821863                    5331.58
3.975                4662.61                   0.80976                    5758.02
3.98                5843.05                   0.770604                    7582.42
3.985                5588.92                   0.803951                    6951.82
3.995                5551.56                   0.819534                    6774.04
4                5851                   0.810857                    7215.83
4.005                5906.95                   0.818081                    7220.49
4.00762                6056.38                   0.814668                    7434.16
4.01                6338.52                   0.806042                    7863.77
4.012                6862.94                   0.789474                    8693.05
4.014                6647.21                   0.810844                    8197.9
4.016                7205.86                   0.78914                    9131.28
4.018                7593.95                   0.785471                    9668.02
4.02                8467.08                   0.766327                    11048.9
4.025                9472.05                   0.770051                    12300.6
4.03                10812.2                   0.763902                    14153.9
4.035                11834.9                   0.767753                    15414.9
4.04                11264.4                   0.796806                    14137
4.055                9747.81                   0.844232                    11546.4
4.06                10102.6                   0.831855                    12144.7
4.065                9474.65                   0.856004                    11068.5
4.08                9144.07                   0.863439                    10590.3
4.08545                8842.39                   0.874235                    10114.4
4.09                8761.98                   0.87543                    10008.8
4.1                8277.42                   0.891748                    9282.24
4.11                9307.54                   0.854126                    10897.1
4.12                8693.6                   0.88599                    9812.31
4.12848                8399.74                   0.894798                    9387.31
4.13                9633.68                   0.836872                    11511.5
4.14                9343.84                   0.873234                    10700.3
4.145                9442.34                   0.871296                    10837.1
4.15                9246.86                   0.88174                    10487.1
4.15744                8742.79                   0.901266                    9700.56
4.16                8763.19                   0.897382                    9765.29
4.17                9371.53                   0.876146                    10696.3
4.18                8829.04                   0.902992                    9777.53
4.18859                8224.05                   0.925338                    8887.62
4.1888                7902.96                   0.952293                    8298.87
4.19                8103.62                   0.926766                    8743.98
4.195                9007.07                   0.882299                    10208.6
4.1989                7545.19                   0.968582                    7789.93
4.2                7973.52                   0.927364                    8598.05
4.203                8138.86                   0.918695                    8859.16
4.206                8095.27                   0.921331                    8786.49
4.20773                7520.39                   0.959433                    7838.37
4.2092                6734.9                   1.01812                    6615.02
4.21                6723.88                   1.00725                    6675.52
4.215                7044.97                   0.96001                    7338.43
4.21713                6460.48                   1.00889                    6403.59
4.2187                5909.57                   1.05814                    5584.84
4.22                5817.59                   1.0539                    5520.04
4.225                4984.03                   1.12795                    4418.66
4.22626                5202.74                   1.07854                    4823.89
4.23                4687.86                   1.13984                    4112.74
4.235                4473.43                   1.13975                    3924.92
4.2357                4489.97                   1.13062                    3971.25
4.24                4777.02                   1.0676                    4474.53
4.24166                4178.14                   1.17767                    3547.82
4.243                5004.02                   1.0158                    4926.17
4.2438                4200.32                   1.17443                    3576.49
4.245                3677.81                   1.28321                    2866.11
4.248                4321.5                   1.09478                    3947.35
4.25                4652.24                   1.04321                    4459.53
4.255                3730.82                   1.20935                    3084.97
4.25797                4057.72                   1.11116                    3651.8
4.26                4051.09                   1.111                    3646.34
4.265                3623.46                   1.18508                    3057.57
4.2668                4066.88                   1.07609                    3779.3
4.27                3656.46                   1.16433                    3140.41
4.275                3355.4                   1.20921                    2774.87
4.2777                3997.63                   1.05429                    3791.77
4.28                3886                   1.08449                    3583.27
4.285                4131.7                   1.0404                    3971.26
4.28788                3938.93                   1.07543                    3662.66
4.29                4303.89                   1.01048                    4259.25
4.3                4073.05                   1.04971                    3880.16
4.30789                4486.17                   0.989921                    4531.85
4.31                4996.99                   0.933732                    5351.63
4.31205                4210.37                   1.05091                    4006.39
4.32                4423.15                   0.999235                    4426.53
4.33                4590.76                   0.982892                    4670.66
4.33739                5004.1                   0.945708                    5291.38
4.34                4613.99                   0.99667                    4629.41
4.35                5259.26                   0.930769                    5650.45
4.35826                5816.52                   0.90412                    6433.35
4.36                5588.28                   0.929669                    6011.04
4.37                6739.95                   0.870278                    7744.6
4.37737                6442.76                   0.904949                    7119.48
4.38                6427.85                   0.906629                    7089.84
4.3874                7181.28                   0.872859                    8227.3
4.39                7202.91                   0.879115                    8193.37
4.395                6604.87                   0.921153                    7170.22
4.39645                7084.94                   0.883675                    8017.58
4.4                6951.76                   0.901606                    7710.42
4.41                8381.13                   0.850234                    9857.45
4.41558                7522.87                   0.904665                    8315.64
4.42                7794.9                   0.886346                    8794.42
4.425                7624.28                   0.900188                    8469.65
4.43                7534.78                   0.905639                    8319.85
4.43624                7598.96                   0.903398                    8411.54
4.44                7016.73                   0.940821                    7458.1
4.45                7396.9                   0.910649                    8122.67
4.46                6565.64                   0.962813                    6819.22
4.46706                5975.26                   0.997033                    5993.04
4.48                6283.89                   0.955032                    6579.77
4.5                5937.15                   0.975497                    6086.29
4.52                5112.08                   1.03103                    4958.25
4.52714                5594.54                   0.97215                    5754.82
4.54                5592.91                   0.97636                    5728.32
4.55                4861.19                   1.0459                    4647.86
4.56                4849.93                   1.02679                    4723.39
4.57                5326.76                   0.972676                    5476.4
4.5745                5239.22                   0.986064                    5313.26
4.58                5179.77                   0.991126                    5226.14
4.59                4827.74                   1.02356                    4716.62
4.59953                5125.45                   0.983524                    5211.31
4.61186                4965.68                   1.00083                    4961.55
4.628                4976.73                   0.994099                    5006.28
4.64091                4870.44                   1.00216                    4859.95
4.66124                5167.52                   0.972192                    5315.33
4.68192                5358.4                   0.962514                    5567.08
4.69882                5500.86                   0.956466                    5751.24
4.7397                5150.48                   0.986224                    5222.43
4.75005                5183.47                   0.980051                    5288.98
4.78054                5083.89                   0.986218                    5154.93
4.84307                4685.15                   1.00873                    4644.59
4.91802                4638.46                   0.999454                    4640.99
4.95093                4624.65                   0.997772                    4634.98


////////////////////begin third iteration


3.80765                332.836                   0.774567                    429.705
3.85                414.976                   0.774227                    535.988
3.89                1871.46                   0.745976                    2508.74
3.895                1301.27                   0.858601                    1515.58
3.89624                2072.01                   0.70457                    2940.81
3.9                1858.57                   0.785308                    2366.68
3.905                2564.52                   0.731516                    3505.77
3.91                2712.91                   0.754762                    3594.39
3.915                2660.59                   0.776646                    3425.74
3.92                3268.15                   0.748414                    4366.77
3.925                3448.26                   0.765368                    4505.36
3.93                3280.19                   0.790956                    4147.12
3.935                3381.56                   0.789653                    4282.34
3.94                4344.23                   0.750372                    5789.44
3.95                4593.41                   0.781904                    5874.64
3.97                4381.83                   0.822978                    5324.36
3.975                4662.61                   0.80953                    5759.66
3.98                5843.05                   0.768749                    7600.72
3.985                5588.92                   0.804876                    6943.83
3.995                5551.56                   0.819579                    6773.67
4                5851                   0.810663                    7217.55
4.005                5906.95                   0.81839                    7217.77
4.00762                6056.38                   0.814469                    7435.98
4.01                6338.52                   0.806075                    7863.44
4.012                6862.94                   0.788193                    8707.18
4.014                6647.21                   0.811048                    8195.83
4.016                7205.86                   0.787938                    9145.22
4.018                7593.95                   0.784277                    9682.74
4.02                8467.08                   0.764841                    11070.4
4.025                9472.05                   0.769757                    12305.2
4.03                10812.2                   0.763792                    14156
4.035                11834.9                   0.76749                    15420.2
4.04                11264.4                   0.798251                    14111.4
4.055                9747.81                   0.846415                    11516.6
4.06                10102.6                   0.832028                    12142.2
4.065                9474.65                   0.857851                    11044.6
4.08                9144.07                   0.864222                    10580.7
4.08545                8842.39                   0.875617                    10098.5
4.09                8761.98                   0.876175                    10000.3
4.1                8277.42                   0.893076                    9268.43
4.11                9307.54                   0.853162                    10909.5
4.12                8693.6                   0.88757                    9794.84
4.12848                8399.74                   0.896274                    9371.85
4.13                9633.68                   0.832824                    11567.5
4.14                9343.84                   0.873915                    10691.9
4.145                9442.34                   0.871342                    10836.6
4.15                9246.86                   0.882417                    10479
4.15744                8742.79                   0.902922                    9682.77
4.16                8763.19                   0.898292                    9755.39
4.17                9371.53                   0.875171                    10708.2
4.18                8829.04                   0.904126                    9765.27
4.18859                8224.05                   0.927684                    8865.15
4.1888                7902.96                   0.959518                    8236.38
4.19                8103.62                   0.928417                    8728.42
4.195                9007.07                   0.880248                    10232.4
4.1989                7545.19                   0.977152                    7721.62
4.2                7973.52                   0.928498                    8587.54
4.203                8138.86                   0.919303                    8853.3
4.206                8095.27                   0.922247                    8777.77
4.20773                7520.39                   0.965263                    7791.03
4.2092                6734.9                   1.03258                    6522.4
4.21                6723.88                   1.01758                    6607.75
4.215                7044.97                   0.96209                    7322.57
4.21713                6460.48                   1.01867                    6342.06
4.2187                5909.57                   1.07626                    5490.81
4.22                5817.59                   1.06883                    5442.93
4.225                4984.03                   1.1551                    4314.81
4.22626                5202.74                   1.09314                    4759.46
4.23                4687.86                   1.16715                    4016.51
4.235                4473.43                   1.16342                    3845.08
4.2357                4489.97                   1.15272                    3895.1
4.24                4777.02                   1.07632                    4438.28
4.24166                4178.14                   1.21182                    3447.84
4.243                5004.02                   1.014                    4934.92
4.2438                4200.32                   1.21                    3471.35
4.245                3677.81                   1.34732                    2729.72
4.248                4321.5                   1.10462                    3912.2
4.25                4652.24                   1.04562                    4449.28
4.255                3730.82                   1.24756                    2990.5
4.25797                4057.72                   1.12397                    3610.16
4.26                4051.09                   1.12412                    3603.78
4.265                3623.46                   1.21325                    2986.56
4.2668                4066.88                   1.08012                    3765.21
4.27                3656.46                   1.188                    3077.82
4.275                3355.4                   1.24125                    2703.25
4.2777                3997.63                   1.05362                    3794.2
4.28                3886                   1.09146                    3560.37
4.285                4131.7                   1.04092                    3969.26
4.28788                3938.93                   1.08246                    3638.89
4.29                4303.89                   1.00714                    4273.36
4.3                4073.05                   1.0535                    3866.22
4.30789                4486.17                   0.986585                    4547.17
4.31                4996.99                   0.925392                    5399.86
4.31205                4210.37                   1.06038                    3970.64
4.32                4423.15                   0.997444                    4434.48
4.33                4590.76                   0.980347                    4682.79
4.33739                5004.1                   0.941049                    5317.58
4.34                4613.99                   0.998764                    4619.7
4.35                5259.26                   0.926055                    5679.21
4.35826                5816.52                   0.899195                    6468.58
4.36                5588.28                   0.927718                    6023.68
4.37                6739.95                   0.865124                    7790.74
4.37737                6442.76                   0.903333                    7132.21
4.38                6427.85                   0.904784                    7104.3
4.3874                7181.28                   0.868899                    8264.8
4.39                7202.91                   0.876396                    8218.79
4.395                6604.87                   0.921901                    7164.4
4.39645                7084.94                   0.880088                    8050.26
4.4                6951.76                   0.900463                    7720.21
4.41                8381.13                   0.846758                    9897.91
4.41558                7522.87                   0.90576                    8305.59
4.42                7794.9                   0.884655                    8811.23
4.425                7624.28                   0.899842                    8472.91
4.43                7534.78                   0.905329                    8322.7
4.43624                7598.96                   0.902562                    8419.32
4.44                7016.73                   0.943757                    7434.89
4.45                7396.9                   0.90924                    8135.26
4.46                6565.64                   0.966298                    6794.63
4.46706                5975.26                   1.00299                    5957.45
4.48                6283.89                   0.954833                    6581.14
4.5                5937.15                   0.977042                    6076.66
4.52                5112.08                   1.03704                    4929.47
4.52714                5594.54                   0.970412                    5765.12
4.54                5592.91                   0.976343                    5728.42
4.55                4861.19                   1.05396                    4612.29
4.56                4849.93                   1.02975                    4709.81
4.57                5326.76                   0.970133                    5490.76
4.5745                5239.22                   0.985875                    5314.28
4.58                5179.77                   0.991647                    5223.4
4.59                4827.74                   1.02725                    4699.69
4.59953                5125.45                   0.982092                    5218.91
4.61186                4965.68                   1.00199                    4955.79
4.628                4976.73                   0.993925                    5007.16
4.64091                4870.44                   1.00302                    4855.77
4.66124                5167.52                   0.969996                    5327.36
4.68192                5358.4                   0.960446                    5579.08
4.69882                5500.86                   0.954544                    5762.81
4.7397                5150.48                   0.98658                    5220.54
4.75005                5183.47                   0.979569                    5291.59
4.78054                5083.89                   0.986005                    5156.05
4.84307                4685.15                   1.00965                    4640.38
4.91802                4638.46                   0.998787                    4644.09
4.95093                4624.65                   0.997069                    4638.25


////////////////////begin fourth iteration

3.80765                332.836                   0.774567                    429.705
3.85                414.976                   0.774134                    536.052
3.89                1871.46                   0.746028                    2508.57
3.895                1301.27                   0.859312                    1514.32
3.89624                2072.01                   0.706704                    2931.93
3.9                1858.57                   0.783241                    2372.92
3.905                2564.52                   0.7335                    3496.29
3.91                2712.91                   0.754547                    3595.42
3.915                2660.59                   0.7769                    3424.62
3.92                3268.15                   0.749973                    4357.69
3.925                3448.26                   0.764153                    4512.52
3.93                3280.19                   0.79109                    4146.42
3.935                3381.56                   0.789577                    4282.75
3.94                4344.23                   0.75011                    5791.46
3.95                4593.41                   0.782016                    5873.8
3.97                4381.83                   0.823097                    5323.59
3.975                4662.61                   0.810243                    5754.58
3.98                5843.05                   0.768315                    7605.01
3.985                5588.92                   0.805216                    6940.9
3.995                5551.56                   0.81952                    6774.16
4                5851                   0.811194                    7212.83
4.005                5906.95                   0.81845                    7217.24
4.00762                6056.38                   0.814363                    7436.95
4.01                6338.52                   0.805496                    7869.09
4.012                6862.94                   0.787819                    8711.32
4.014                6647.21                   0.811197                    8194.33
4.016                7205.86                   0.787615                    9148.96
4.018                7593.95                   0.784048                    9685.56
4.02                8467.08                   0.764584                    11074.1
4.025                9472.05                   0.769477                    12309.7
4.03                10812.2                   0.763539                    14160.7
4.035                11834.9                   0.767482                    15420.4
4.04                11264.4                   0.798643                    14104.4
4.055                9747.81                   0.84643                    11516.4
4.06                10102.6                   0.832096                    12141.2
4.065                9474.65                   0.858532                    11035.9
4.08                9144.07                   0.864173                    10581.3
4.08545                8842.39                   0.876116                    10092.7
4.09                8761.98                   0.876447                    9997.16
4.1                8277.42                   0.893214                    9267
4.11                9307.54                   0.852413                    10919
4.12                8693.6                   0.887617                    9794.31
4.12848                8399.74                   0.896147                    9373.18
4.13                9633.68                   0.83093                    11593.9
4.14                9343.84                   0.874236                    10688
4.145                9442.34                   0.871309                    10837
4.15                9246.86                   0.882583                    10477
4.15744                8742.79                   0.903319                    9678.52
4.16                8763.19                   0.898372                    9754.53
4.17                9371.53                   0.875025                    10710
4.18                8829.04                   0.904439                    9761.89
4.18859                8224.05                   0.928268                    8859.56
4.1888                7902.96                   0.962579                    8210.19
4.19                8103.62                   0.928458                    8728.04
4.195                9007.07                   0.879353                    10242.8
4.1989                7545.19                   0.980157                    7697.95
4.2                7973.52                   0.928207                    8590.24
4.203                8138.86                   0.918882                    8857.36
4.206                8095.27                   0.922573                    8774.66
4.20773                7520.39                   0.967363                    7774.11
4.2092                6734.9                   1.03894                    6482.46
4.21                6723.88                   1.02141                    6582.92
4.215                7044.97                   0.961949                    7323.64
4.21713                6460.48                   1.02249                    6318.39
4.2187                5909.57                   1.08313                    5456
4.22                5817.59                   1.07443                    5414.59
4.225                4984.03                   1.16613                    4274
4.22626                5202.74                   1.09751                    4740.48
4.23                4687.86                   1.17798                    3979.58
4.235                4473.43                   1.17159                    3818.25
4.2357                4489.97                   1.1594                    3872.66
4.24                4777.02                   1.07718                    4434.75
4.24166                4178.14                   1.22683                    3405.65
4.243                5004.02                   1.0101                    4953.99
4.2438                4200.32                   1.22692                    3423.48
4.245                3677.81                   1.38036                    2664.38
4.248                4321.5                   1.10476                    3911.69
4.25                4652.24                   1.0434                    4458.73
4.255                3730.82                   1.2652                    2948.81
4.25797                4057.72                   1.12533                    3605.81
4.26                4051.09                   1.12676                    3595.36
4.265                3623.46                   1.22377                    2960.9
4.2668                4066.88                   1.07787                    3773.06
4.27                3656.46                   1.19655                    3055.84
4.275                3355.4                   1.25268                    2678.58
4.2777                3997.63                   1.04877                    3811.73
4.28                3886                   1.09169                    3559.63
4.285                4131.7                   1.03866                    3977.93
4.28788                3938.93                   1.08395                    3633.87
4.29                4303.89                   1.003                    4291.02
4.3                4073.05                   1.05357                    3865.96
4.30789                4486.17                   0.9845                    4556.8
4.31                4996.99                   0.921809                    5420.85
4.31205                4210.37                   1.06446                    3955.41
4.32                4423.15                   0.995495                    4443.16
4.33                4590.76                   0.979112                    4688.69
4.33739                5004.1                   0.939317                    5327.38
4.34                4613.99                   0.99954                    4616.12
4.35                5259.26                   0.923787                    5693.15
4.35826                5816.52                   0.897675                    6479.53
4.36                5588.28                   0.927636                    6024.21
4.37                6739.95                   0.863773                    7802.92
4.37737                6442.76                   0.903203                    7133.23
4.38                6427.85                   0.904445                    7106.96
4.3874                7181.28                   0.867945                    8273.88
4.39                7202.91                   0.876157                    8221.03
4.395                6604.87                   0.922549                    7159.37
4.39645                7084.94                   0.878719                    8062.81
4.4                6951.76                   0.900438                    7720.42
4.41                8381.13                   0.845869                    9908.31
4.41558                7522.87                   0.906372                    8299.98
4.42                7794.9                   0.884247                    8815.3
4.425                7624.28                   0.899968                    8471.72
4.43                7534.78                   0.905382                    8322.21
4.43624                7598.96                   0.902406                    8420.78
4.44                7016.73                   0.945235                    7423.27
4.45                7396.9                   0.908703                    8140.07
4.46                6565.64                   0.967559                    6785.77
4.46706                5975.26                   1.00496                    5945.76
4.48                6283.89                   0.954082                    6586.32
4.5                5937.15                   0.97733                    6074.87
4.52                5112.08                   1.03882                    4921.03
4.52714                5594.54                   0.969086                    5773.01
4.54                5592.91                   0.976332                    5728.49
4.55                4861.19                   1.05687                    4599.61
4.56                4849.93                   1.03006                    4708.38
4.57                5326.76                   0.968921                    5497.62
4.5745                5239.22                   0.985547                    5316.05
4.58                5179.77                   0.991287                    5225.3
4.59                4827.74                   1.02829                    4694.92
4.59953                5125.45                   0.980823                    5225.67
4.61186                4965.68                   1.00191                    4956.2
4.628                4976.73                   0.993538                    5009.11
4.64091                4870.44                   1.00281                    4856.77
4.66124                5167.52                   0.969064                    5332.49
4.68192                5358.4                   0.959795                    5582.85
4.69882                5500.86                   0.954022                    5765.96
4.7397                5150.48                   0.986755                    5219.62
4.75005                5183.47                   0.979379                    5292.61
4.78054                5083.89                   0.985932                    5156.43
4.84307                4685.15                   1.00986                    4639.4
4.91802                4638.46                   0.998683                    4644.57
4.95093                4624.65                   0.996824                    4639.39


fifth //////////////////////

3.80765                332.836                   0.774567                    429.705
3.85                414.976                   0.804012                    516.132
3.89                1871.46                   0.746031                    2508.55
3.895                1301.27                   0.859502                    1513.99
3.89624                2072.01                   0.703983                    2943.26
3.9                1858.57                   0.786299                    2363.69
3.905                2564.52                   0.731437                    3506.14
3.91                2712.91                   0.75662                    3585.57
3.915                2660.59                   0.779205                    3414.49
3.92                3268.15                   0.748458                    4366.51
3.925                3448.26                   0.765373                    4505.33
3.93                3280.19                   0.791148                    4146.11
3.935                3381.56                   0.789534                    4282.99
3.94                4344.23                   0.750052                    5791.91
3.95                4593.41                   0.782045                    5873.59
3.97                4381.83                   0.823103                    5323.55
3.975                4662.61                   0.809447                    5760.24
3.98                5843.05                   0.768867                    7599.56
3.985                5588.92                   0.805307                    6940.12
3.995                5551.56                   0.819473                    6774.55
4                5851                   0.810687                    7217.34
4.005                5906.95                   0.818405                    7217.63
4.00762                6056.38                   0.81429                    7437.61
4.01                6338.52                   0.805881                    7865.33
4.012                6862.94                   0.787738                    8712.21
4.014                6647.21                   0.811271                    8193.58
4.016                7205.86                   0.787523                    9150.04
4.018                7593.95                   0.784008                    9686.06
4.02                8467.08                   0.76454                    11074.7
4.025                9472.05                   0.769791                    12304.7
4.03                10812.2                   0.763517                    14161.1
4.035                11834.9                   0.767512                    15419.8
4.04                11264.4                   0.798463                    14107.6
4.055                9747.81                   0.846404                    11516.7
4.06                10102.6                   0.832098                    12141.2
4.065                9474.65                   0.858369                    11038
4.08                9144.07                   0.864436                    10578.1
4.08545                8842.39                   0.875888                    10095.3
4.09                8761.98                   0.876119                    10000.9
4.1                8277.42                   0.893554                    9263.48
4.11                9307.54                   0.852196                    10921.8
4.12                8693.6                   0.887991                    9790.2
4.12848                8399.74                   0.896114                    9373.52
4.13                9633.68                   0.830582                    11598.7
4.14                9343.84                   0.874456                    10685.3
4.145                9442.34                   0.871336                    10836.6
4.15                9246.86                   0.882671                    10476
4.15744                8742.79                   0.903452                    9677.09
4.16                8763.19                   0.898377                    9754.47
4.17                9371.53                   0.874731                    10713.6
4.18                8829.04                   0.904545                    9760.75
4.18859                8224.05                   0.928433                    8857.99
4.1888                7902.96                   0.964001                    8198.08
4.19                8103.62                   0.928278                    8729.74
4.195                9007.07                   0.879042                    10246.5
4.1989                7545.19                   0.981394                    7688.24
4.2                7973.52                   0.927875                    8593.31
4.203                8138.86                   0.918689                    8859.22
4.206                8095.27                   0.922408                    8776.23
4.20773                7520.39                   0.968206                    7767.35
4.2092                6734.9                   1.04135                    6467.5
4.21                6723.88                   1.02273                    6574.46
4.215                7044.97                   0.961621                    7326.14
4.21713                6460.48                   1.02361                    6311.47
4.2187                5909.57                   1.08646                    5439.31
4.22                5817.59                   1.07602                    5406.6
4.225                4984.03                   1.17076                    4257.07
4.22626                5202.74                   1.09796                    4738.57
4.23                4687.86                   1.18305                    3962.51
4.235                4473.43                   1.17438                    3809.18
4.2357                4489.97                   1.16137                    3866.08
4.24                4777.02                   1.07659                    4437.16
4.24166                4178.14                   1.23403                    3385.78
4.243                5004.02                   1.00667                    4970.87
4.2438                4200.32                   1.23578                    3398.91
4.245                3677.81                   1.39866                    2629.53
4.248                4321.5                   1.10309                    3917.62
4.25                4652.24                   1.04139                    4467.32
4.255                3730.82                   1.27291                    2930.95
4.25797                4057.72                   1.12448                    3608.52
4.26                4051.09                   1.12694                    3594.78
4.265                3623.46                   1.22801                    2950.68
4.2668                4066.88                   1.07606                    3779.43
4.27                3656.46                   1.20074                    3045.18
4.275                3355.4                   1.25723                    2668.88
4.2777                3997.63                   1.04537                    3824.13
4.28                3886                   1.09116                    3561.35
4.285                4131.7                   1.03754                    3982.23
4.28788                3938.93                   1.08368                    3634.79
4.29                4303.89                   1.00075                    4300.68
4.3                4073.05                   1.05346                    3866.36
4.30789                4486.17                   0.983103                    4563.27
4.31                4996.99                   0.920063                    5431.14
4.31205                4210.37                   1.0671                    3945.61
4.32                4423.15                   0.994484                    4447.68
4.33                4590.76                   0.97822                    4692.97
4.33739                5004.1                   0.938731                    5330.71
4.34                4613.99                   1                    4613.98
4.35                5259.26                   0.923026                    5697.85
4.35826                5816.52                   0.897328                    6482.04
4.36                5588.28                   0.927585                    6024.54
4.37                6739.95                   0.863686                    7803.71
4.37737                6442.76                   0.903297                    7132.5
4.38                6427.85                   0.904421                    7107.15
4.3874                7181.28                   0.867735                    8275.89
4.39                7202.91                   0.876001                    8222.49
4.395                6604.87                   0.923098                    7155.11
4.39645                7084.94                   0.878427                    8065.49
4.4                6951.76                   0.900549                    7719.47
4.41                8381.13                   0.84568                    9910.53
4.41558                7522.87                   0.906693                    8297.04
4.42                7794.9                   0.884132                    8816.45
4.425                7624.28                   0.900256                    8469.01
4.43                7534.78                   0.905424                    8321.83
4.43624                7598.96                   0.902372                    8421.1
4.44                7016.73                   0.945602                    7420.38
4.45                7396.9                   0.90847                    8142.15
4.46                6565.64                   0.968008                    6782.63
4.46706                5975.26                   1.0056                    5941.97
4.48                6283.89                   0.953922                    6587.42
4.5                5937.15                   0.977414                    6074.35
4.52                5112.08                   1.03968                    4916.97
4.52714                5594.54                   0.968189                    5778.36
4.54                5592.91                   0.976091                    5729.9
4.55                4861.19                   1.05799                    4594.74
4.56                4849.93                   1.02995                    4708.89
4.57                5326.76                   0.968146                    5502.02
4.5745                5239.22                   0.985426                    5316.7
4.58                5179.77                   0.991128                    5226.13
4.59                4827.74                   1.02867                    4693.19
4.59953                5125.45                   0.980276                    5228.58
4.61186                4965.68                   1.00192                    4956.18
4.628                4976.73                   0.993397                    5009.82
4.64091                4870.44                   1.00275                    4857.07
4.66124                5167.52                   0.96878                    5334.05
4.68192                5358.4                   0.959662                    5583.63
4.69882                5500.86                   0.954131                    5765.31
4.7397                5150.48                   0.986859                    5219.06
4.75005                5183.47                   0.979332                    5292.87
4.78054                5083.89                   0.986139                    5155.35
4.84307                4685.15                   1.00993                    4639.07
4.91802                4638.46                   0.998446                    4645.67
4.95093                4624.65                   0.996752                    4639.73

