3.94                27.8502                   0.6526                    42.6757
3.95                56.3331                   0.67515                    83.4379
3.97                151.08                   0.713889                    211.63
3.975                71.5321                   0.871769                    82.0539
3.98                236.413                   0.678987                    348.185
3.985                75.8632                   0.95664                    79.3018
3.995                94.9201                   0.812938                    116.762
4                197.307                   0.712005                    277.114
4.005                175.585                   0.766034                    229.213
4.00762                242.095                   0.718904                    336.755
4.01                337.02                   0.694475                    485.288
4.012                214.415                   0.801528                    267.508
4.014                407.123                   0.683321                    595.8
4.016                285.088                   0.773744                    368.452
4.018                299.004                   0.756348                    395.325
4.02                349.915                   0.73385                    476.821
4.025                316.679                   0.772658                    409.856
4.03                367.759                   0.756117                    486.378
4.035                422.165                   0.751723                    561.597
4.04                263.109                   0.862944                    304.896
4.055                94.1792                   1.13005                    83.3406
4.06                231.5                   0.796828                    290.527
4.065                83.8337                   1.19644                    70.0691
4.08                110.609                   0.948687                    116.592
4.08545                73.604                   1.11                    66.3101
4.09                84.6456                   1.01228                    83.6191
4.1                129.781                   0.873654                    148.55
4.11                118.414                   0.913017                    129.696
4.12                742.838                   0.688532                    1078.87
4.12848                584.472                   0.772696                    756.406
4.13                527.936                   0.79584                    663.369
4.14                548.082                   0.792225                    691.826
4.145                882.577                   0.728252                    1211.91
4.15                1055.9                   0.733987                    1438.59
4.15744                917.907                   0.784099                    1170.65
4.16                769.971                   0.825111                    933.173
4.17                1005.8                   0.776533                    1295.24
4.18                753.641                   0.849327                    887.339
4.18859                927.352                   0.803005                    1154.85
4.1888                989.608                   0.783275                    1263.42
4.19                1120.7                   0.764761                    1465.42
4.195                908.831                   0.831319                    1093.24
4.1989                945.164                   0.81886                    1154.24
4.2                1130.71                   0.774595                    1459.74
4.203                926.613                   0.83878                    1104.71
4.206                986.24                   0.818196                    1205.38
4.20773                927.068                   0.837755                    1106.61
4.2092                897.7                   0.844962                    1062.41
4.21                743.034                   0.909039                    817.385
4.215                790.633                   0.863587                    915.522
4.21713                821.895                   0.852101                    964.551
4.2187                778.784                   0.87015                    894.999
4.22                856.096                   0.83871                    1020.73
4.225                508.821                   1.00921                    504.18
4.22626                646.227                   0.896171                    721.098
4.23                620.622                   0.912526                    680.115
4.235                763.176                   0.850338                    897.497
4.2357                650.505                   0.910899                    714.135
4.24                783.993                   0.845881                    926.836
4.24166                618.925                   0.92961                    665.79
4.243                703.245                   0.87336                    805.217
4.2438                650.955                   0.9044                    719.764
4.245                511.256                   0.996554                    513.024
4.248                564.14                   0.930325                    606.39
4.25                859.114                   0.804166                    1068.33
4.255                632.855                   0.915199                    691.494
4.25797                578.802                   0.93473                    619.219
4.26                389.372                   1.10239                    353.206
4.265                396.26                   1.03542                    382.704
4.2668                606.233                   0.865974                    700.059
4.27                536.028                   0.92708                    578.19
4.275                371.465                   1.06246                    349.627
4.2777                572.537                   0.878389                    651.804
4.28                562.799                   0.898532                    626.353
4.285                621.95                   0.875866                    710.097
4.28788                473.341                   0.975692                    485.134
4.29                439                   0.992052                    442.517
4.3                483.012                   0.936435                    515.799
4.30789                486.908                   0.933179                    521.774
4.31                510.628                   0.915939                    557.491
4.31205                393.109                   1.02373                    383.996
4.32                518.902                   0.903113                    574.571
4.33                374.946                   1.01783                    368.377
4.33739                387.022                   0.985473                    392.727
4.34                377.046                   0.993826                    379.388
4.35                388.764                   0.972541                    399.74
4.35826                451.817                   0.922295                    489.884
4.36                297.91                   1.11509                    267.161
4.37                693.581                   0.817614                    848.299
4.37737                465.52                   0.955004                    487.453
4.38                696.605                   0.821893                    847.562
4.3874                522.199                   0.928521                    562.399
4.39                579.97                   0.887                    653.856
4.395                415.952                   1.0062                    413.387
4.39645                592.102                   0.862198                    686.735
4.4                539.339                   0.911219                    591.887
4.41                941.395                   0.795735                    1183.05
4.41558                657.621                   0.907727                    724.47
4.42                1083.38                   0.778937                    1390.84
4.425                466.309                   1.07139                    435.238
4.43                736.84                   0.860163                    856.629
4.43624                716.717                   0.88194                    812.66
4.44                672.666                   0.902365                    745.447
4.45                568.492                   0.94692                    600.359
4.46                741.002                   0.866408                    855.257
4.46706                511.976                   0.992737                    515.722
4.48                390.774                   1.05782                    369.413
4.5                296.347                   1.12526                    263.359
4.52                400.762                   0.975086                    411.001
4.52714                406.976                   0.973793                    417.928
4.54                510.351                   0.909288                    561.264
4.55                291.269                   1.13497                    256.631
4.56                273.668                   1.11835                    244.707
4.57                420.464                   0.935755                    449.332
4.5745                456.916                   0.919367                    496.989
4.58                355.607                   1.02162                    348.082
4.59                353.438                   1.0066                    351.119
4.59953                394.93                   0.963081                    410.069
4.61186                394.02                   0.968951                    406.646
4.628                377.892                   0.982686                    384.55
4.64091                400.32                   0.961313                    416.43
4.66124                414.102                   0.954885                    433.667
4.68192                435.692                   0.943936                    461.569
4.69882                431                   0.9515                    452.969
4.7397                463.011                   0.937667                    493.791
4.75005                453.211                   0.947229                    478.46
4.78054                440.308                   0.956736                    460.219
4.84307                391.348                   0.985914                    396.939
4.91802                383.509                   0.982479                    390.348
4.95093                397.981                   0.9701                    410.247


////////////////////begin second iteration

3.94                27.8502                   0.6526                    42.6757
3.95                56.3331                   0.676018                    83.3308
3.97                151.08                   0.714108                    211.565
3.975                71.5321                   0.934799                    76.5213
3.98                236.413                   0.673531                    351.005
3.985                75.8632                   1.0859                    69.862
3.995                94.9201                   0.822723                    115.373
4                197.307                   0.704165                    280.199
4.005                175.585                   0.771679                    227.536
4.00762                242.095                   0.713683                    339.219
4.01                337.02                   0.688378                    489.586
4.012                214.415                   0.828358                    258.844
4.014                407.123                   0.673809                    604.211
4.016                285.088                   0.790825                    360.494
4.018                299.004                   0.760856                    392.983
4.02                349.915                   0.732189                    477.903
4.025                316.679                   0.780349                    405.817
4.03                367.759                   0.757177                    485.697
4.035                422.165                   0.751854                    561.499
4.04                263.109                   0.900437                    292.201
4.055                94.1792                   1.3335                    70.6256
4.06                231.5                   0.789132                    293.361
4.065                83.8337                   1.48118                    56.5992
4.08                110.609                   0.986046                    112.175
4.08545                73.604                   1.26015                    58.4089
4.09                84.6456                   1.07847                    78.4866
4.1                129.781                   0.876506                    148.066
4.11                118.414                   0.933109                    126.903
4.12                742.838                   0.680295                    1091.93
4.12848                584.472                   0.780921                    748.439
4.13                527.936                   0.809351                    652.295
4.14                548.082                   0.796204                    688.368
4.145                882.577                   0.720602                    1224.78
4.15                1055.9                   0.730834                    1444.79
4.15744                917.907                   0.791425                    1159.82
4.16                769.971                   0.844397                    911.859
4.17                1005.8                   0.775566                    1296.86
4.18                753.641                   0.868744                    867.507
4.18859                927.352                   0.803587                    1154.02
4.1888                989.608                   0.776387                    1274.63
4.19                1120.7                   0.756244                    1481.93
4.195                908.831                   0.844504                    1076.17
4.1989                945.164                   0.824031                    1147
4.2                1130.71                   0.766072                    1475.98
4.203                926.613                   0.853853                    1085.21
4.206                986.24                   0.822127                    1199.62
4.20773                927.068                   0.848917                    1092.06
4.2092                897.7                   0.85751                    1046.87
4.21                743.034                   0.953158                    779.551
4.215                790.633                   0.87664                    901.89
4.21713                821.895                   0.860706                    954.908
4.2187                778.784                   0.886445                    878.547
4.22                856.096                   0.841409                    1017.46
4.225                508.821                   1.10024                    462.464
4.22626                646.227                   0.913868                    707.134
4.23                620.622                   0.939671                    660.468
4.235                763.176                   0.852075                    895.667
4.2357                650.505                   0.941877                    690.648
4.24                783.993                   0.84579                    926.936
4.24166                618.925                   0.968479                    639.069
4.243                703.245                   0.880937                    798.291
4.2438                650.955                   0.927784                    701.623
4.245                511.256                   1.07211                    476.87
4.248                564.14                   0.958128                    588.793
4.25                859.114                   0.787812                    1090.51
4.255                632.855                   0.94476                    669.858
4.25797                578.802                   0.968307                    597.747
4.26                389.372                   1.25188                    311.031
4.265                396.26                   1.11483                    355.444
4.2668                606.233                   0.858162                    706.432
4.27                536.028                   0.950904                    563.704
4.275                371.465                   1.16313                    319.367
4.2777                572.537                   0.874601                    654.627
4.28                562.799                   0.907338                    620.275
4.285                621.95                   0.877506                    708.77
4.28788                473.341                   1.02482                    461.88
4.29                439                   1.04506                    420.072
4.3                483.012                   0.955097                    505.72
4.30789                486.908                   0.950626                    512.197
4.31                510.628                   0.925832                    551.534
4.31205                393.109                   1.09319                    359.599
4.32                518.902                   0.905824                    572.851
4.33                374.946                   1.07564                    348.58
4.33739                387.022                   1.01915                    379.749
4.34                377.046                   1.03197                    365.365
4.35                388.764                   0.997951                    389.562
4.35826                451.817                   0.927515                    487.127
4.36                297.91                   1.24295                    239.68
4.37                693.581                   0.798579                    868.519
4.37737                465.52                   0.987431                    471.445
4.38                696.605                   0.802554                    867.985
4.3874                522.199                   0.950115                    549.617
4.39                579.97                   0.887793                    653.272
4.395                415.952                   1.06317                    391.238
4.39645                592.102                   0.848227                    698.046
4.4                539.339                   0.92146                    585.309
4.41                941.395                   0.779825                    1207.19
4.41558                657.621                   0.929142                    707.772
4.42                1083.38                   0.760438                    1424.68
4.425                466.309                   1.20294                    387.64
4.43                736.84                   0.854504                    862.302
4.43624                716.717                   0.886873                    808.14
4.44                672.666                   0.913925                    736.019
4.45                568.492                   0.972229                    584.73
4.46                741.002                   0.860985                    860.644
4.46706                511.976                   1.04222                    491.234
4.48                390.774                   1.13072                    345.597
4.5                296.347                   1.23031                    240.872
4.52                400.762                   0.989808                    404.888
4.52714                406.976                   0.989795                    411.172
4.54                510.351                   0.904451                    564.266
4.55                291.269                   1.25484                    232.116
4.56                273.668                   1.20923                    226.316
4.57                420.464                   0.93163                    451.321
4.5745                456.916                   0.91355                    500.154
4.58                355.607                   1.06326                    334.451
4.59                353.438                   1.03332                    342.04
4.59953                394.93                   0.970524                    406.925
4.61186                394.02                   0.980504                    401.854
4.628                377.892                   0.999256                    378.173
4.64091                400.32                   0.968727                    413.243
4.66124                414.102                   0.961063                    430.879
4.68192                435.692                   0.947095                    460.03
4.69882                431                   0.957733                    450.021
4.7397                463.011                   0.939609                    492.77
4.75005                453.211                   0.952816                    475.654
4.78054                440.308                   0.964323                    456.598
4.84307                391.348                   1.00063                    391.103
4.91802                383.509                   0.992549                    386.388
4.95093                397.981                   0.97554                    407.959


////////////////////begin third iteration


3.94                27.8502                   0.6526                    42.6757
3.95                56.3331                   0.676052                    83.3267
3.97                151.08                   0.715599                    211.124
3.975                71.5321                   0.9541                    74.9733
3.98                236.413                   0.671247                    352.199
3.985                75.8632                   1.14677                    66.1541
3.995                94.9201                   0.819406                    115.84
4                197.307                   0.701545                    281.246
4.005                175.585                   0.77243                    227.315
4.00762                242.095                   0.71146                    340.279
4.01                337.02                   0.687015                    490.558
4.012                214.415                   0.837609                    255.985
4.014                407.123                   0.671462                    606.323
4.016                285.088                   0.796789                    357.795
4.018                299.004                   0.76071                    393.059
4.02                349.915                   0.730994                    478.685
4.025                316.679                   0.781672                    405.13
4.03                367.759                   0.756291                    486.266
4.035                422.165                   0.751384                    561.85
4.04                263.109                   0.912556                    288.321
4.055                94.1792                   1.43901                    65.4474
4.06                231.5                   0.781363                    296.277
4.065                83.8337                   1.67269                    50.119
4.08                110.609                   0.98656                    112.116
4.08545                73.604                   1.32279                    55.6432
4.09                84.6456                   1.08928                    77.7081
4.1                129.781                   0.869701                    149.225
4.11                118.414                   0.93344                    126.858
4.12                742.838                   0.679114                    1093.83
4.12848                584.472                   0.782881                    746.565
4.13                527.936                   0.812521                    649.75
4.14                548.082                   0.795582                    688.907
4.145                882.577                   0.718704                    1228.01
4.15                1055.9                   0.730473                    1445.51
4.15744                917.907                   0.793065                    1157.42
4.16                769.971                   0.849461                    906.423
4.17                1005.8                   0.774169                    1299.2
4.18                753.641                   0.873105                    863.174
4.18859                927.352                   0.801918                    1156.42
4.1888                989.608                   0.772117                    1281.68
4.19                1120.7                   0.753124                    1488.07
4.195                908.831                   0.847976                    1071.77
4.1989                945.164                   0.823844                    1147.26
4.2                1130.71                   0.762202                    1483.48
4.203                926.613                   0.858203                    1079.71
4.206                986.24                   0.821533                    1200.49
4.20773                927.068                   0.851022                    1089.36
4.2092                897.7                   0.859691                    1044.21
4.21                743.034                   0.969952                    766.052
4.215                790.633                   0.876908                    901.614
4.21713                821.895                   0.860125                    955.552
4.2187                778.784                   0.888956                    876.065
4.22                856.096                   0.838792                    1020.63
4.225                508.821                   1.13986                    446.388
4.22626                646.227                   0.912926                    707.864
4.23                620.622                   0.944517                    657.079
4.235                763.176                   0.848677                    899.253
4.2357                650.505                   0.951351                    683.77
4.24                783.993                   0.841948                    931.165
4.24166                618.925                   0.981154                    630.813
4.243                703.245                   0.878444                    800.557
4.2438                650.955                   0.932627                    697.98
4.245                511.256                   1.1036                    463.264
4.248                564.14                   0.961417                    586.779
4.25                859.114                   0.779159                    1102.62
4.255                632.855                   0.95353                    663.697
4.25797                578.802                   0.976598                    592.672
4.26                389.372                   1.33163                    292.402
4.265                396.26                   1.14014                    347.555
4.2668                606.233                   0.847151                    715.613
4.27                536.028                   0.954336                    561.677
4.275                371.465                   1.20454                    308.387
4.2777                572.537                   0.865389                    661.595
4.28                562.799                   0.904993                    621.882
4.285                621.95                   0.873603                    711.937
4.28788                473.341                   1.0411                    454.655
4.29                439                   1.06065                    413.897
4.3                483.012                   0.954521                    506.025
4.30789                486.908                   0.950559                    512.233
4.31                510.628                   0.923041                    553.202
4.31205                393.109                   1.11951                    351.142
4.32                518.902                   0.900267                    576.387
4.33                374.946                   1.09331                    342.947
4.33739                387.022                   1.02334                    378.196
4.34                377.046                   1.03828                    363.144
4.35                388.764                   0.99903                    389.141
4.35826                451.817                   0.922831                    489.599
4.36                297.91                   1.30858                    227.659
4.37                693.581                   0.790639                    877.241
4.37737                465.52                   0.997593                    466.643
4.38                696.605                   0.794015                    877.319
4.3874                522.199                   0.956431                    545.987
4.39                579.97                   0.884676                    655.574
4.395                415.952                   1.08474                    383.456
4.39645                592.102                   0.838245                    706.358
4.4                539.339                   0.92257                    584.605
4.41                941.395                   0.775476                    1213.96
4.41558                657.621                   0.937166                    701.713
4.42                1083.38                   0.755427                    1434.12
4.425                466.309                   1.27886                    364.63
4.43                736.84                   0.848834                    868.062
4.43624                716.717                   0.886726                    808.273
4.44                672.666                   0.915801                    734.51
4.45                568.492                   0.978073                    581.237
4.46                741.002                   0.85674                    864.908
4.46706                511.976                   1.06048                    482.78
4.48                390.774                   1.15551                    338.183
4.5                296.347                   1.26894                    233.54
4.52                400.762                   0.985727                    406.565
4.52714                406.976                   0.98776                    412.019
4.54                510.351                   0.898133                    568.235
4.55                291.269                   1.31138                    222.108
4.56                273.668                   1.23977                    220.74
4.57                420.464                   0.922051                    456.01
4.5745                456.916                   0.905888                    504.384
4.58                355.607                   1.07495                    330.813
4.59                353.438                   1.03519                    341.421
4.59953                394.93                   0.966086                    408.794
4.61186                394.02                   0.97866                    402.611
4.628                377.892                   0.999264                    378.17
4.64091                400.32                   0.96577                    414.508
4.66124                414.102                   0.958605                    431.984
4.68192                435.692                   0.944292                    461.396
4.69882                431                   0.956248                    450.72
4.7397                463.011                   0.937354                    493.956
4.75005                453.211                   0.951882                    476.121
4.78054                440.308                   0.963746                    456.872
4.84307                391.348                   1.0017                    390.683
4.91802                383.509                   0.991904                    386.639
4.95093                397.981                   0.973787                    408.694


////////////////////begin fourth iteration


3.94                27.8502                   0.6526                    42.6757
3.95                56.3331                   0.676053                    83.3265
3.97                151.08                   0.714141                    211.555
3.975                71.5321                   0.960489                    74.4746
3.98                236.413                   0.670688                    352.493
3.985                75.8632                   1.18028                    64.2753
3.995                94.9201                   0.816612                    116.236
4                197.307                   0.701499                    281.264
4.005                175.585                   0.772543                    227.282
4.00762                242.095                   0.710914                    340.54
4.01                337.02                   0.686853                    490.673
4.012                214.415                   0.840788                    255.017
4.014                407.123                   0.670825                    606.899
4.016                285.088                   0.79864                    356.966
4.018                299.004                   0.760568                    393.132
4.02                349.915                   0.730562                    478.968
4.025                316.679                   0.78225                    404.831
4.03                367.759                   0.755975                    486.469
4.035                422.165                   0.75149                    561.771
4.04                263.109                   0.916207                    287.171
4.055                94.1792                   1.49609                    62.9502
4.06                231.5                   0.777531                    297.738
4.065                83.8337                   1.80646                    46.4078
4.08                110.609                   0.981904                    112.648
4.08545                73.604                   1.35131                    54.4685
4.09                84.6456                   1.0877                    77.8206
4.1                129.781                   0.865325                    149.979
4.11                118.414                   0.931859                    127.073
4.12                742.838                   0.678915                    1094.15
4.12848                584.472                   0.783248                    746.216
4.13                527.936                   0.813172                    649.23
4.14                548.082                   0.795103                    689.322
4.145                882.577                   0.718317                    1228.67
4.15                1055.9                   0.730517                    1445.42
4.15744                917.907                   0.793407                    1156.92
4.16                769.971                   0.850821                    904.974
4.17                1005.8                   0.773661                    1300.05
4.18                753.641                   0.874218                    862.075
4.18859                927.352                   0.801231                    1157.41
4.1888                989.608                   0.770536                    1284.31
4.19                1120.7                   0.752348                    1489.6
4.195                908.831                   0.849143                    1070.29
4.1989                945.164                   0.823527                    1147.7
4.2                1130.71                   0.760922                    1485.98
4.203                926.613                   0.859822                    1077.68
4.206                986.24                   0.821073                    1201.16
4.20773                927.068                   0.851648                    1088.56
4.2092                897.7                   0.860164                    1043.64
4.21                743.034                   0.97719                    760.379
4.215                790.633                   0.87606                    902.487
4.21713                821.895                   0.859344                    956.421
4.2187                778.784                   0.889474                    875.555
4.22                856.096                   0.837399                    1022.33
4.225                508.821                   1.15863                    439.158
4.22626                646.227                   0.910248                    709.946
4.23                620.622                   0.945416                    656.454
4.235                763.176                   0.847026                    901.006
4.2357                650.505                   0.955408                    680.866
4.24                783.993                   0.840128                    933.183
4.24166                618.925                   0.986425                    627.442
4.243                703.245                   0.876497                    802.335
4.2438                650.955                   0.934143                    696.847
4.245                511.256                   1.11868                    457.017
4.248                564.14                   0.96075                    587.187
4.25                859.114                   0.776094                    1106.97
4.255                632.855                   0.957023                    661.275
4.25797                578.802                   0.978956                    591.244
4.26                389.372                   1.37781                    282.602
4.265                396.26                   1.14799                    345.178
4.2668                606.233                   0.841122                    720.743
4.27                536.028                   0.954967                    561.306
4.275                371.465                   1.22368                    303.564
4.2777                572.537                   0.860291                    665.515
4.28                562.799                   0.903382                    622.991
4.285                621.95                   0.871842                    713.375
4.28788                473.341                   1.04803                    451.648
4.29                439                   1.0661                    411.782
4.3                483.012                   0.95291                    506.881
4.30789                486.908                   0.949685                    512.705
4.31                510.628                   0.921226                    554.292
4.31205                393.109                   1.13201                    347.265
4.32                518.902                   0.897182                    578.369
4.33                374.946                   1.10017                    340.809
4.33739                387.022                   1.02309                    378.287
4.34                377.046                   1.03928                    362.795
4.35                388.764                   0.998058                    389.52
4.35826                451.817                   0.920507                    490.835
4.36                297.91                   1.34754                    221.077
4.37                693.581                   0.788086                    880.083
4.37737                465.52                   1.00163                    464.76
4.38                696.605                   0.791156                    880.489
4.3874                522.199                   0.959068                    544.486
4.39                579.97                   0.883194                    656.674
4.395                415.952                   1.09438                    380.079
4.39645                592.102                   0.833763                    710.156
4.4                539.339                   0.923197                    584.208
4.41                941.395                   0.774599                    1215.33
4.41558                657.621                   0.940486                    699.235
4.42                1083.38                   0.75418                    1436.5
4.425                466.309                   1.32264                    352.56
4.43                736.84                   0.845553                    871.43
4.43624                716.717                   0.886479                    808.499
4.44                672.666                   0.916188                    734.201
4.45                568.492                   0.97957                    580.348
4.46                741.002                   0.85516                    866.506
4.46706                511.976                   1.06818                    479.297
4.48                390.774                   1.16452                    335.566
4.5                296.347                   1.2841                    230.782
4.52                400.762                   0.982074                    408.077
4.52714                406.976                   0.985622                    412.913
4.54                510.351                   0.89564                    569.817
4.55                291.269                   1.34128                    217.158
4.56                273.668                   1.25054                    218.839
4.57                420.464                   0.917045                    458.499
4.5745                456.916                   0.90266                    506.188
4.58                355.607                   1.07966                    329.368
4.59                353.438                   1.03429                    341.72
4.59953                394.93                   0.963463                    409.907
4.61186                394.02                   0.977452                    403.109
4.628                377.892                   0.998703                    378.382
4.64091                400.32                   0.964213                    415.178
4.66124                414.102                   0.957582                    432.445
4.68192                435.692                   0.943319                    461.871
4.69882                431                   0.955796                    450.933
4.7397                463.011                   0.936701                    494.3
4.75005                453.211                   0.951694                    476.215
4.78054                440.308                   0.963548                    456.965
4.84307                391.348                   1.00189                    390.61
4.91802                383.509                   0.991514                    386.791
4.95093                397.981                   0.973166                    408.955


fifth //////////////

3.94                27.8502                   0.6526                    42.6757
3.95                56.3331                   0.676053                    83.3265
3.97                151.08                   0.715599                    211.124
3.975                71.5321                   0.963399                    74.2496
3.98                236.413                   0.671316                    352.164
3.985                75.8632                   1.19367                    63.5546
3.995                94.9201                   0.816719                    116.221
4                197.307                   0.701415                    281.298
4.005                175.585                   0.772468                    227.304
4.00762                242.095                   0.710749                    340.619
4.01                337.02                   0.68713                    490.475
4.012                214.415                   0.841799                    254.711
4.014                407.123                   0.670615                    607.089
4.016                285.088                   0.79878                    356.904
4.018                299.004                   0.760019                    393.416
4.02                349.915                   0.730684                    478.887
4.025                316.679                   0.782363                    404.772
4.03                367.759                   0.755852                    486.548
4.035                422.165                   0.751298                    561.914
4.04                263.109                   0.917368                    286.808
4.055                94.1792                   1.52918                    61.5881
4.06                231.5                   0.775767                    298.415
4.065                83.8337                   1.90071                    44.1065
4.08                110.609                   0.978618                    113.026
4.08545                73.604                   1.3647                    53.9343
4.09                84.6456                   1.08435                    78.0612
4.1                129.781                   0.863491                    150.298
4.11                118.414                   0.931113                    127.175
4.12                742.838                   0.678874                    1094.22
4.12848                584.472                   0.783292                    746.173
4.13                527.936                   0.813285                    649.14
4.14                548.082                   0.794999                    689.411
4.145                882.577                   0.718247                    1228.79
4.15                1055.9                   0.730535                    1445.38
4.15744                917.907                   0.793505                    1156.78
4.16                769.971                   0.85124                    904.529
4.17                1005.8                   0.773449                    1300.41
4.18                753.641                   0.874568                    861.729
4.18859                927.352                   0.801043                    1157.68
4.1888                989.608                   0.769949                    1285.29
4.19                1120.7                   0.752208                    1489.88
4.195                908.831                   0.849533                    1069.8
4.1989                945.164                   0.823357                    1147.94
4.2                1130.71                   0.760533                    1486.73
4.203                926.613                   0.86043                    1076.92
4.206                986.24                   0.820845                    1201.49
4.20773                927.068                   0.851847                    1088.3
4.2092                897.7                   0.860294                    1043.48
4.21                743.034                   0.980412                    757.88
4.215                790.633                   0.875379                    903.189
4.21713                821.895                   0.858948                    956.863
4.2187                778.784                   0.889546                    875.484
4.22                856.096                   0.836802                    1023.06
4.225                508.821                   1.16769                    435.75
4.22626                646.227                   0.90816                    711.578
4.23                620.622                   0.945631                    656.305
4.235                763.176                   0.846437                    901.633
4.2357                650.505                   0.957328                    679.501
4.24                783.993                   0.839382                    934.011
4.24166                618.925                   0.988747                    625.969
4.243                703.245                   0.87549                    803.258
4.2438                650.955                   0.934733                    696.408
4.245                511.256                   1.12619                    453.97
4.248                564.14                   0.959732                    587.809
4.25                859.114                   0.775072                    1108.43
4.255                632.855                   0.958455                    660.286
4.25797                578.802                   0.979594                    590.859
4.26                389.372                   1.40515                    277.104
4.265                396.26                   1.14974                    344.653
4.2668                606.233                   0.838296                    723.172
4.27                536.028                   0.95501                    561.28
4.275                371.465                   1.23282                    301.314
4.2777                572.537                   0.857826                    667.428
4.28                562.799                   0.902729                    623.441
4.285                621.95                   0.871229                    713.876
4.28788                473.341                   1.05107                    450.343
4.29                439                   1.06799                    411.051
4.3                483.012                   0.95192                    507.408
4.30789                486.908                   0.949227                    512.952
4.31                510.628                   0.920441                    554.765
4.31205                393.109                   1.13832                    345.342
4.32                518.902                   0.895827                    579.243
4.33                374.946                   1.10303                    339.923
4.33739                387.022                   1.02243                    378.531
4.34                377.046                   1.03931                    362.785
4.35                388.764                   0.997389                    389.781
4.35826                451.817                   0.919694                    491.269
4.36                297.91                   1.37125                    217.254
4.37                693.581                   0.787145                    881.136
4.37737                465.52                   1.00318                    464.043
4.38                696.605                   0.79015                    881.611
4.3874                522.199                   0.960124                    543.887
4.39                579.97                   0.88249                    657.198
4.395                415.952                   1.0987                    378.585
4.39645                592.102                   0.831819                    711.816
4.4                539.339                   0.923552                    583.984
4.41                941.395                   0.77437                    1215.69
4.41558                657.621                   0.941724                    698.316
4.42                1083.38                   0.753815                    1437.19
4.425                466.309                   1.34736                    346.09
4.43                736.84                   0.843668                    873.378
4.43624                716.717                   0.886244                    808.714
4.44                672.666                   0.916126                    734.251
4.45                568.492                   0.979864                    580.174
4.46                741.002                   0.854544                    867.131
4.46706                511.976                   1.07142                    477.846
4.48                390.774                   1.16767                    334.662
4.5                296.347                   1.29006                    229.716
4.52                400.762                   0.98002                    408.932
4.52714                406.976                   0.984507                    413.38
4.54                510.351                   0.894786                    570.361
4.55                291.269                   1.35742                    214.576
4.56                273.668                   1.25404                    218.229
4.57                420.464                   0.91475                    459.649
4.5745                456.916                   0.901453                    506.866
4.58                355.607                   1.08161                    328.776
4.59                353.438                   1.03337                    342.023
4.59953                394.93                   0.96228                    410.411
4.61186                394.02                   0.977001                    403.295
4.628                377.892                   0.998456                    378.476
4.64091                400.32                   0.963604                    415.44
4.66124                414.102                   0.957257                    432.592
4.68192                435.692                   0.943071                    461.993
4.69882                431                   0.955684                    450.986
4.7397                463.011                   0.936554                    494.377
4.75005                453.211                   0.951676                    476.224
4.78054                440.308                   0.963482                    456.997
4.84307                391.348                   1.00195                    390.588
4.91802                383.509                   0.991359                    386.851
4.95093                397.981                   0.972976                    409.034
