3.80765                175.227                   0.774567                    226.226
3.85                272.432                   0.765349                    355.958
3.89                553.044                   0.778436                    710.454
3.895                767.374                   0.737202                    1040.93
3.89624                724.991                   0.763578                    949.466
3.9                696.137                   0.78073                    891.649
3.905                839.222                   0.759724                    1104.64
3.91                897.525                   0.763676                    1175.27
3.915                950.206                   0.769022                    1235.6
3.92                1005.73                   0.772698                    1301.58
3.925                1098.14                   0.770649                    1424.96
3.93                1026.98                   0.79578                    1290.54
3.935                1218.35                   0.771415                    1579.37
3.94                1497.52                   0.755049                    1983.34
3.95                1359.86                   0.799803                    1700.25
3.97                1475.73                   0.808395                    1825.51
3.975                1593.06                   0.80011                    1991.06
3.98                1683.81                   0.799323                    2106.55
3.985                1760.55                   0.80042                    2199.54
3.995                1864.9                   0.806431                    2312.54
4                1919.86                   0.808426                    2374.81
4.005                1937.56                   0.814937                    2377.56
4.00762                2012.4                   0.809612                    2485.64
4.01                1990.75                   0.817013                    2436.62
4.012                2311.71                   0.78404                    2948.45
4.014                2301.97                   0.796565                    2889.87
4.016                2474.64                   0.784968                    3152.53
4.018                2591.04                   0.783936                    3305.17
4.02                2518.15                   0.797247                    3158.56
4.025                2843.15                   0.783695                    3627.87
4.03                2929.53                   0.792268                    3697.65
4.035                2838.37                   0.808445                    3510.9
4.04                2352.27                   0.855017                    2751.14
4.055                2353.2                   0.848769                    2772.49
4.06                2488.29                   0.836993                    2972.89
4.065                2265.65                   0.865748                    2616.98
4.08                2337.1                   0.857644                    2725.03
4.08545                2167.89                   0.879284                    2465.52
4.09                2155.17                   0.878603                    2452.95
4.1                2297.09                   0.863331                    2660.73
4.11                2075.21                   0.892986                    2323.9
4.12                1880.87                   0.91444                    2056.85
4.12848                1897.26                   0.905581                    2095.07
4.13                2086.49                   0.874304                    2386.46
4.14                2082.91                   0.886035                    2350.82
4.145                1980.11                   0.902335                    2194.43
4.15                1769.73                   0.93425                    1894.28
4.15744                1866.31                   0.90957                    2051.86
4.16                1924.31                   0.899666                    2138.92
4.17                1908.42                   0.906122                    2106.13
4.18                1874.75                   0.91154                    2056.69
4.18859                1714.84                   0.936098                    1831.9
4.1888                1672.08                   0.948023                    1763.75
4.19                1783.74                   0.917883                    1943.32
4.195                1883.68                   0.903873                    2084.01
4.1989                1647.53                   0.951665                    1731.2
4.2                1769.99                   0.918979                    1926.04
4.203                1755.5                   0.924494                    1898.88
4.206                1542.34                   0.970606                    1589.05
4.20773                1650.21                   0.937391                    1760.43
4.2092                1453.3                   0.991202                    1466.2
4.21                1232.47                   1.06693                    1155.15
4.215                1539.45                   0.944692                    1629.58
4.21713                1387.29                   0.990039                    1401.25
4.2187                1349.78                   0.995501                    1355.88
4.22                1571.27                   0.929645                    1690.18
4.225                1148.12                   1.05979                    1083.35
4.22626                1163.61                   1.04263                    1116.04
4.23                1168.06                   1.02939                    1134.71
4.235                1075.6                   1.05413                    1020.37
4.2357                1046.76                   1.06586                    982.082
4.24                1149.06                   1.01148                    1136.01
4.24166                944.035                   1.11108                    849.655
4.243                1108.61                   1.01562                    1091.56
4.2438                984.016                   1.08117                    910.141
4.245                1126.21                   1.00554                    1120
4.248                1075.55                   1.02989                    1044.33
4.25                963.37                   1.08101                    891.174
4.255                918.517                   1.08544                    846.217
4.25797                952.32                   1.05868                    899.535
4.26                1011.86                   1.02781                    984.482
4.265                791.314                   1.1441                    691.65
4.2668                973.64                   1.02629                    948.703
4.27                1032.16                   1.00763                    1024.35
4.275                840.77                   1.10083                    763.762
4.2777                946.746                   1.03227                    917.145
4.28                862.741                   1.07912                    799.49
4.285                968.579                   1.01731                    952.096
4.28788                918.809                   1.04363                    880.395
4.29                964.919                   1.01695                    948.833
4.3                1070.68                   0.979902                    1092.64
4.30789                1057.44                   0.987106                    1071.26
4.31                1123.69                   0.962183                    1167.85
4.31205                1013.45                   1.00916                    1004.26
4.32                1040.08                   0.990185                    1050.39
4.33                1266.95                   0.926784                    1367.04
4.33739                1228.97                   0.946372                    1298.61
4.34                1139.59                   0.976449                    1167.07
4.35                1310.1                   0.926321                    1414.3
4.35826                1471                   0.900954                    1632.71
4.36                1611.77                   0.874481                    1843.12
4.37                1636.03                   0.891319                    1835.52
4.37737                1639.1                   0.897748                    1825.79
4.38                1804.19                   0.870128                    2073.47
4.3874                1765.19                   0.890075                    1983.19
4.39                2085.61                   0.84294                    2474.21
4.395                2106.23                   0.857151                    2457.24
4.39645                1867.75                   0.899477                    2076.48
4.4                1996.15                   0.873459                    2285.34
4.41                2375.39                   0.844451                    2812.94
4.41558                1988.12                   0.903475                    2200.53
4.42                1973.25                   0.899822                    2192.94
4.425                2155.57                   0.874398                    2465.2
4.43                2074.56                   0.891573                    2326.85
4.43624                2018.27                   0.900883                    2240.33
4.44                1930.4                   0.914475                    2110.94
4.45                2019.02                   0.899797                    2243.86
4.46                1820.7                   0.932998                    1951.45
4.46706                1515.03                   0.990111                    1530.16
4.48                1689.94                   0.936676                    1804.18
4.5                1465.5                   0.979093                    1496.8
4.52                1447.23                   0.971747                    1489.31
4.52714                1445.96                   0.969843                    1490.93
4.54                1430.52                   0.970613                    1473.84
4.55                1554.2                   0.942233                    1649.49
4.56                1471.81                   0.964043                    1526.7
4.57                1395.84                   0.979569                    1424.95
4.5745                1278.23                   1.01109                    1264.21
4.58                1247.22                   1.01197                    1232.47
4.59                1236.41                   1.00619                    1228.81
4.59953                1271.63                   0.990813                    1283.42
4.61186                1190.14                   1.01221                    1175.78
4.628                1272.21                   0.981408                    1296.31
4.64091                1236.43                   0.99184                    1246.61
4.66124                1319.7                   0.96804                    1363.27
4.68192                1354.66                   0.963114                    1406.54
4.69882                1370.56                   0.961741                    1425.08
4.7397                1374.21                   0.964065                    1425.43
4.75005                1397.26                   0.959106                    1456.83
4.78054                1329.19                   0.97623                    1361.55
4.84307                1256.37                   0.986886                    1273.07
4.91802                1231.54                   0.986752                    1248.07
4.95093                1212.41                   0.989608                    1225.14

////////////////////begin second iteration

3.80765                175.227                   0.774567                    226.226
3.85                272.432                   0.788618                    345.456
3.89                553.044                   0.779182                    709.775
3.895                767.374                   0.731216                    1049.45
3.89624                724.991                   0.760296                    953.564
3.9                696.137                   0.779229                    893.367
3.905                839.222                   0.753422                    1113.88
3.91                897.525                   0.763304                    1175.84
3.915                950.206                   0.7697                    1234.51
3.92                1005.73                   0.773755                    1299.8
3.925                1098.14                   0.770869                    1424.55
3.93                1026.98                   0.801895                    1280.7
3.935                1218.35                   0.76992                    1582.44
3.94                1497.52                   0.75346                    1987.53
3.95                1359.86                   0.808626                    1681.7
3.97                1475.73                   0.812312                    1816.71
3.975                1593.06                   0.801304                    1988.09
3.98                1683.81                   0.800535                    2103.36
3.985                1760.55                   0.801872                    2195.55
3.995                1864.9                   0.808814                    2305.73
4                1919.86                   0.810867                    2367.66
4.005                1937.56                   0.817648                    2369.68
4.00762                2012.4                   0.810296                    2483.54
4.01                1990.75                   0.82007                    2427.54
4.012                2311.71                   0.778312                    2970.15
4.014                2301.97                   0.795485                    2893.79
4.016                2474.64                   0.781403                    3166.91
4.018                2591.04                   0.780405                    3320.12
4.02                2518.15                   0.798585                    3153.27
4.025                2843.15                   0.781772                    3636.8
4.03                2929.53                   0.792546                    3696.36
4.035                2838.37                   0.812365                    3493.96
4.04                2352.27                   0.873003                    2694.46
4.055                2353.2                   0.855638                    2750.23
4.06                2488.29                   0.840991                    2958.76
4.065                2265.65                   0.877905                    2580.74
4.08                2337.1                   0.864569                    2703.2
4.08545                2167.89                   0.892491                    2429.04
4.09                2155.17                   0.889045                    2424.14
4.1                2297.09                   0.868169                    2645.91
4.11                2075.21                   0.907142                    2287.63
4.12                1880.87                   0.933544                    2014.76
4.12848                1897.26                   0.918719                    2065.11
4.13                2086.49                   0.874209                    2386.72
4.14                2082.91                   0.89396                    2329.98
4.145                1980.11                   0.915048                    2163.94
4.15                1769.73                   0.958584                    1846.2
4.15744                1866.31                   0.919843                    2028.95
4.16                1924.31                   0.906841                    2121.99
4.17                1908.42                   0.915378                    2084.84
4.18                1874.75                   0.922445                    2032.37
4.18859                1714.84                   0.955236                    1795.2
4.1888                1672.08                   0.973878                    1716.93
4.19                1783.74                   0.927383                    1923.41
4.195                1883.68                   0.909474                    2071.18
4.1989                1647.53                   0.977257                    1685.87
4.2                1769.99                   0.927979                    1907.36
4.203                1755.5                   0.937085                    1873.37
4.206                1542.34                   1.00431                    1535.72
4.20773                1650.21                   0.953001                    1731.59
4.2092                1453.3                   1.03432                    1405.08
4.21                1232.47                   1.15919                    1063.21
4.215                1539.45                   0.957983                    1606.97
4.21713                1387.29                   1.02711                    1350.68
4.2187                1349.78                   1.0344                    1304.89
4.22                1571.27                   0.93396                    1682.37
4.225                1148.12                   1.13892                    1008.08
4.22626                1163.61                   1.10633                    1051.78
4.23                1168.06                   1.07994                    1081.6
4.235                1075.6                   1.11846                    961.674
4.2357                1046.76                   1.13898                    919.034
4.24                1149.06                   1.04783                    1096.61
4.24166                944.035                   1.21533                    776.771
4.243                1108.61                   1.05104                    1054.77
4.2438                984.016                   1.16186                    846.932
4.245                1126.21                   1.03518                    1087.93
4.248                1075.55                   1.07586                    999.705
4.25                963.37                   1.15932                    830.977
4.255                918.517                   1.16152                    790.785
4.25797                952.32                   1.11685                    852.681
4.26                1011.86                   1.06626                    948.973
4.265                791.314                   1.26111                    627.473
4.2668                973.64                   1.0599                    918.614
4.27                1032.16                   1.03489                    997.367
4.275                840.77                   1.18485                    709.598
4.2777                946.746                   1.06962                    885.122
4.28                862.741                   1.14678                    752.316
4.285                968.579                   1.04663                    925.427
4.28788                918.809                   1.08784                    844.621
4.29                964.919                   1.04619                    922.321
4.3                1070.68                   0.993191                    1078.02
4.30789                1057.44                   1.00574                    1051.41
4.31                1123.69                   0.969242                    1159.35
4.31205                1013.45                   1.04172                    972.862
4.32                1040.08                   1.01012                    1029.66
4.33                1266.95                   0.923175                    1372.39
4.33739                1228.97                   0.952534                    1290.21
4.34                1139.59                   0.995841                    1144.34
4.35                1310.1                   0.924398                    1417.24
4.35826                1471                   0.893901                    1645.59
4.36                1611.77                   0.859697                    1874.82
4.37                1636.03                   0.8866                    1845.28
4.37737                1639.1                   0.895346                    1830.69
4.38                1804.19                   0.858938                    2100.48
4.3874                1765.19                   0.887251                    1989.51
4.39                2085.61                   0.826948                    2522.05
4.395                2106.23                   0.848849                    2481.27
4.39645                1867.75                   0.90691                    2059.47
4.4                1996.15                   0.867822                    2300.18
4.41                2375.39                   0.834097                    2847.86
4.41558                1988.12                   0.912277                    2179.3
4.42                1973.25                   0.903975                    2182.86
4.425                2155.57                   0.869913                    2477.91
4.43                2074.56                   0.893719                    2321.26
4.43624                2018.27                   0.904672                    2230.94
4.44                1930.4                   0.922908                    2091.65
4.45                2019.02                   0.900841                    2241.26
4.46                1820.7                   0.945146                    1926.37
4.46706                1515.03                   1.02523                    1477.74
4.48                1689.94                   0.943681                    1790.79
4.5                1465.5                   1.0014                    1463.45
4.52                1447.23                   0.987203                    1465.99
4.52714                1445.96                   0.984009                    1469.46
4.54                1430.52                   0.984829                    1452.56
4.55                1554.2                   0.944973                    1644.71
4.56                1471.81                   0.976575                    1507.11
4.57                1395.84                   0.99616                    1401.22
4.5745                1278.23                   1.04285                    1225.71
4.58                1247.22                   1.04065                    1198.5
4.59                1236.41                   1.02988                    1200.54
4.59953                1271.63                   1.00675                    1263.11
4.61186                1190.14                   1.03732                    1147.32
4.628                1272.21                   0.99228                    1282.11
4.64091                1236.43                   1.00703                    1227.8
4.66124                1319.7                   0.973673                    1355.38
4.68192                1354.66                   0.968056                    1399.36
4.69882                1370.56                   0.966588                    1417.93
4.7397                1374.21                   0.969731                    1417.1
4.75005                1397.26                   0.962875                    1451.13
4.78054                1329.19                   0.985391                    1348.89
4.84307                1256.37                   0.997451                    1259.59
4.91802                1231.54                   0.995264                    1237.4
4.95093                1212.41                   0.998921                    1213.72



////////////////////begin third iteration

3.80765                175.227                   0.774567                    226.226
3.85                272.432                   0.765996                    355.658
3.89                553.044                   0.770798                    717.495
3.895                767.374                   0.729556                    1051.84
3.89624                724.991                   0.759478                    954.591
3.9                696.137                   0.783941                    887.997
3.905                839.222                   0.752066                    1115.89
3.91                897.525                   0.7635                    1175.54
3.915                950.206                   0.769818                    1234.33
3.92                1005.73                   0.77382                    1299.69
3.925                1098.14                   0.770696                    1424.87
3.93                1026.98                   0.803112                    1278.76
3.935                1218.35                   0.769044                    1584.24
3.94                1497.52                   0.751266                    1993.33
3.95                1359.86                   0.810361                    1678.09
3.97                1475.73                   0.812164                    1817.04
3.975                1593.06                   0.800634                    1989.75
3.98                1683.81                   0.801442                    2100.98
3.985                1760.55                   0.802844                    2192.9
3.995                1864.9                   0.808795                    2305.78
4                1919.86                   0.810836                    2367.75
4.005                1937.56                   0.818716                    2366.59
4.00762                2012.4                   0.809744                    2485.23
4.01                1990.75                   0.820314                    2426.82
4.012                2311.71                   0.776161                    2978.39
4.014                2301.97                   0.795167                    2894.95
4.016                2474.64                   0.781061                    3168.3
4.018                2591.04                   0.779545                    3323.79
4.02                2518.15                   0.79917                    3150.96
4.025                2843.15                   0.780572                    3642.39
4.03                2929.53                   0.793239                    3693.13
4.035                2838.37                   0.813231                    3490.24
4.04                2352.27                   0.877893                    2679.45
4.055                2353.2                   0.855673                    2750.12
4.06                2488.29                   0.839807                    2962.93
4.065                2265.65                   0.880041                    2574.48
4.08                2337.1                   0.863894                    2705.31
4.08545                2167.89                   0.894533                    2423.49
4.09                2155.17                   0.889791                    2422.1
4.1                2297.09                   0.867474                    2648.02
4.11                2075.21                   0.910132                    2280.12
4.12                1880.87                   0.937568                    2006.11
4.12848                1897.26                   0.919491                    2063.38
4.13                2086.49                   0.870383                    2397.21
4.14                2082.91                   0.893562                    2331.02
4.145                1980.11                   0.916707                    2160.03
4.15                1769.73                   0.964161                    1835.52
4.15744                1866.31                   0.919486                    2029.73
4.16                1924.31                   0.906425                    2122.97
4.17                1908.42                   0.916172                    2083.03
4.18                1874.75                   0.922364                    2032.55
4.18859                1714.84                   0.958467                    1789.14
4.1888                1672.08                   0.980554                    1705.24
4.19                1783.74                   0.926132                    1926.01
4.195                1883.68                   0.908036                    2074.46
4.1989                1647.53                   0.983704                    1674.82
4.2                1769.99                   0.927328                    1908.7
4.203                1755.5                   0.937959                    1871.62
4.206                1542.34                   1.01397                    1521.09
4.20773                1650.21                   0.952906                    1731.77
4.2092                1453.3                   1.04844                    1386.16
4.21                1232.47                   1.20211                    1025.25
4.215                1539.45                   0.955922                    1610.43
4.21713                1387.29                   1.0376                    1337.02
4.2187                1349.78                   1.04396                    1292.94
4.22                1571.27                   0.929001                    1691.35
4.225                1148.12                   1.16947                    981.741
4.22626                1163.61                   1.12587                    1033.53
4.23                1168.06                   1.09283                    1068.84
4.235                1075.6                   1.13805                    945.118
4.2357                1046.76                   1.16222                    900.656
4.24                1149.06                   1.05259                    1091.65
4.24166                944.035                   1.25975                    749.385
4.243                1108.61                   1.05368                    1052.13
4.2438                984.016                   1.19121                    826.066
4.245                1126.21                   1.03651                    1086.54
4.248                1075.55                   1.08579                    990.56
4.25                963.37                   1.18657                    811.897
4.255                918.517                   1.18348                    776.116
4.25797                952.32                   1.12881                    843.649
4.26                1011.86                   1.07014                    945.537
4.265                791.314                   1.30983                    604.133
4.2668                973.64                   1.05841                    919.912
4.27                1032.16                   1.03358                    998.629
4.275                840.77                   1.21391                    692.615
4.2777                946.746                   1.07247                    882.775
4.28                862.741                   1.16626                    739.751
4.285                968.579                   1.0467                    925.365
4.28788                918.809                   1.09699                    837.574
4.29                964.919                   1.04675                    921.828
4.3                1070.68                   0.989652                    1081.87
4.30789                1057.44                   1.00617                    1050.96
4.31                1123.69                   0.96417                    1165.44
4.31205                1013.45                   1.04828                    966.776
4.32                1040.08                   1.0087                    1031.11
4.33                1266.95                   0.917347                    1381.11
4.33739                1228.97                   0.950256                    1293.3
4.34                1139.59                   0.998669                    1141.1
4.35                1310.1                   0.919303                    1425.1
4.35826                1471                   0.888856                    1654.93
4.36                1611.77                   0.852707                    1890.18
4.37                1636.03                   0.884034                    1850.64
4.37737                1639.1                   0.893305                    1834.87
4.38                1804.19                   0.854219                    2112.09
4.3874                1765.19                   0.885806                    1992.75
4.39                2085.61                   0.821296                    2539.41
4.395                2106.23                   0.846826                    2487.2
4.39645                1867.75                   0.910756                    2050.77
4.4                1996.15                   0.865411                    2306.59
4.41                2375.39                   0.831717                    2856.01
4.41558                1988.12                   0.915841                    2170.81
4.42                1973.25                   0.904587                    2181.39
4.425                2155.57                   0.867397                    2485.1
4.43                2074.56                   0.894048                    2320.41
4.43624                2018.27                   0.904721                    2230.82
4.44                1930.4                   0.924421                    2088.23
4.45                2019.02                   0.900176                    2242.91
4.46                1820.7                   0.947879                    1920.82
4.46706                1515.03                   1.03732                    1460.53
4.48                1689.94                   0.942084                    1793.83
4.5                1465.5                   1.00607                    1456.66
4.52                1447.23                   0.988485                    1464.09
4.52714                1445.96                   0.985407                    1467.38
4.54                1430.52                   0.985822                    1451.1
4.55                1554.2                   0.942706                    1648.66
4.56                1471.81                   0.977363                    1505.9
4.57                1395.84                   0.998419                    1398.05
4.5745                1278.23                   1.0509                    1216.31
4.58                1247.22                   1.04669                    1191.58
4.59                1236.41                   1.03335                    1196.5
4.59953                1271.63                   1.00723                    1262.51
4.61186                1190.14                   1.04162                    1142.59
4.628                1272.21                   0.99051                    1284.4
4.64091                1236.43                   1.00837                    1226.18
4.66124                1319.7                   0.971947                    1357.79
4.68192                1354.66                   0.966811                    1401.16
4.69882                1370.56                   0.96516                    1420.03
4.7397                1374.21                   0.969238                    1417.83
4.75005                1397.26                   0.961416                    1453.33
4.78054                1329.19                   0.985757                    1348.39
4.84307                1256.37                   0.997808                    1259.13
4.91802                1231.54                   0.995318                    1237.33
4.95093                1212.41                   0.998519                    1214.21


////////////////////begin fourth iteration

3.80765                175.227                   0.774567                    226.226
3.85                272.432                   0.764955                    356.142
3.89                553.044                   0.77146                    716.879
3.895                767.374                   0.730879                    1049.93
3.89624                724.991                   0.760996                    952.688
3.9                696.137                   0.786461                    885.151
3.905                839.222                   0.752405                    1115.39
3.91                897.525                   0.764261                    1174.37
3.915                950.206                   0.770403                    1233.39
3.92                1005.73                   0.774311                    1298.87
3.925                1098.14                   0.77106                    1424.2
3.93                1026.98                   0.803827                    1277.62
3.935                1218.35                   0.769103                    1584.12
3.94                1497.52                   0.751141                    1993.66
3.95                1359.86                   0.809216                    1680.47
3.97                1475.73                   0.812245                    1816.86
3.975                1593.06                   0.800617                    1989.8
3.98                1683.81                   0.801835                    2099.95
3.985                1760.55                   0.803138                    2192.09
3.995                1864.9                   0.808819                    2305.71
4                1919.86                   0.81089                    2367.6
4.005                1937.56                   0.818007                    2368.64
4.00762                2012.4                   0.809563                    2485.79
4.01                1990.75                   0.821455                    2423.45
4.012                2311.71                   0.776433                    2977.34
4.014                2301.97                   0.795302                    2894.46
4.016                2474.64                   0.780359                    3171.15
4.018                2591.04                   0.779438                    3324.24
4.02                2518.15                   0.800249                    3146.71
4.025                2843.15                   0.780365                    3643.35
4.03                2929.53                   0.792952                    3694.46
4.035                2838.37                   0.813484                    3489.16
4.04                2352.27                   0.878555                    2677.43
4.055                2353.2                   0.855398                    2751
4.06                2488.29                   0.839347                    2964.56
4.065                2265.65                   0.881453                    2570.36
4.08                2337.1                   0.86427                    2704.14
4.08545                2167.89                   0.895898                    2419.8
4.09                2155.17                   0.889827                    2422.01
4.1                2297.09                   0.867186                    2648.9
4.11                2075.21                   0.910259                    2279.8
4.12                1880.87                   0.938534                    2004.05
4.12848                1897.26                   0.919283                    2063.84
4.13                2086.49                   0.868628                    2402.05
4.14                2082.91                   0.894178                    2329.41
4.145                1980.11                   0.917269                    2158.7
4.15                1769.73                   0.966036                    1831.95
4.15744                1866.31                   0.918953                    2030.91
4.16                1924.31                   0.905342                    2125.51
4.17                1908.42                   0.915602                    2084.33
4.18                1874.75                   0.922178                    2032.96
4.18859                1714.84                   0.959438                    1787.33
4.1888                1672.08                   0.983301                    1700.47
4.19                1783.74                   0.925014                    1928.34
4.195                1883.68                   0.907431                    2075.84
4.1989                1647.53                   0.986224                    1670.54
4.2                1769.99                   0.926494                    1910.41
4.203                1755.5                   0.9388                    1869.94
4.206                1542.34                   1.0178                    1515.36
4.20773                1650.21                   0.952048                    1733.33
4.2092                1453.3                   1.0546                    1378.06
4.21                1232.47                   1.22635                    1004.99
4.215                1539.45                   0.953557                    1614.43
4.21713                1387.29                   1.04043                    1333.38
4.2187                1349.78                   1.04684                    1289.38
4.22                1571.27                   0.924895                    1698.86
4.225                1148.12                   1.18389                    969.785
4.22626                1163.61                   1.13309                    1026.94
4.23                1168.06                   1.09657                    1065.2
4.235                1075.6                   1.14641                    938.23
4.2357                1046.76                   1.17263                    892.659
4.24                1149.06                   1.05222                    1092.03
4.24166                944.035                   1.28213                    736.305
4.243                1108.61                   1.05135                    1054.47
4.2438                984.016                   1.20436                    817.047
4.245                1126.21                   1.03388                    1089.3
4.248                1075.55                   1.08828                    988.295
4.25                963.37                   1.19668                    805.036
4.255                918.517                   1.19245                    770.277
4.25797                952.32                   1.1325                    840.903
4.26                1011.86                   1.06894                    946.6
4.265                791.314                   1.33361                    593.361
4.2668                973.64                   1.0549                    922.973
4.27                1032.16                   1.03086                    1001.27
4.275                840.77                   1.2281                    684.608
4.2777                946.746                   1.07066                    884.267
4.28                862.741                   1.17345                    735.218
4.285                968.579                   1.04425                    927.538
4.28788                918.809                   1.09788                    836.894
4.29                964.919                   1.04474                    923.597
4.3                1070.68                   0.987234                    1084.52
4.30789                1057.44                   1.00459                    1052.61
4.31                1123.69                   0.96227                    1167.75
4.31205                1013.45                   1.05085                    964.409
4.32                1040.08                   1.00716                    1032.69
4.33                1266.95                   0.914396                    1385.56
4.33739                1228.97                   0.95015                    1293.45
4.34                1139.59                   0.999935                    1139.66
4.35                1310.1                   0.917439                    1427.99
4.35826                1471                   0.887516                    1657.43
4.36                1611.77                   0.850829                    1894.36
4.37                1636.03                   0.883799                    1851.13
4.37737                1639.1                   0.893067                    1835.36
4.38                1804.19                   0.853085                    2114.9
4.3874                1765.19                   0.885885                    1992.57
4.39                2085.61                   0.819991                    2543.45
4.395                2106.23                   0.84688                    2487.04
4.39645                1867.75                   0.913098                    2045.51
4.4                1996.15                   0.865228                    2307.08
4.41                2375.39                   0.831141                    2857.99
4.41558                1988.12                   0.917554                    2166.76
4.42                1973.25                   0.905235                    2179.82
4.425                2155.57                   0.866716                    2487.05
4.43                2074.56                   0.894091                    2320.3
4.43624                2018.27                   0.905261                    2229.49
4.44                1930.4                   0.925501                    2085.79
4.45                2019.02                   0.899612                    2244.32
4.46                1820.7                   0.94887                    1918.81
4.46706                1515.03                   1.04145                    1454.73
4.48                1689.94                   0.940942                    1796
4.5                1465.5                   1.00751                    1454.57
4.52                1447.23                   0.988954                    1463.4
4.52714                1445.96                   0.985488                    1467.26
4.54                1430.52                   0.985288                    1451.88
4.55                1554.2                   0.941675                    1650.47
4.56                1471.81                   0.977581                    1505.56
4.57                1395.84                   0.999037                    1397.18
4.5745                1278.23                   1.05455                    1212.1
4.58                1247.22                   1.04901                    1188.94
4.59                1236.41                   1.03395                    1195.82
4.59953                1271.63                   1.00729                    1262.43
4.61186                1190.14                   1.04278                    1141.32
4.628                1272.21                   0.989871                    1285.23
4.64091                1236.43                   1.00807                    1226.53
4.66124                1319.7                   0.971117                    1358.95
4.68192                1354.66                   0.965917                    1402.46
4.69882                1370.56                   0.96469                    1420.72
4.7397                1374.21                   0.968736                    1418.56
4.75005                1397.26                   0.960957                    1454.03
4.78054                1329.19                   0.98594                    1348.14
4.84307                1256.37                   0.997853                    1259.08
4.91802                1231.54                   0.994871                    1237.89
4.95093                1212.41                   0.99833                    1214.44



fifth ////////////////


3.80765                175.227                   0.774567                    226.226
3.85                272.432                   0.764907                    356.164
3.89                553.044                   0.771554                    716.792
3.895                767.374                   0.735712                    1043.04
3.89624                724.991                   0.76628                    946.118
3.9                696.137                   0.786852                    884.711
3.905                839.222                   0.752236                    1115.64
3.91                897.525                   0.764276                    1174.35
3.915                950.206                   0.770376                    1233.43
3.92                1005.73                   0.777359                    1293.78
3.925                1098.14                   0.773727                    1419.29
3.93                1026.98                   0.803874                    1277.54
3.935                1218.35                   0.771275                    1579.66
3.94                1497.52                   0.751056                    1993.89
3.95                1359.86                   0.808955                    1681.01
3.97                1475.73                   0.813934                    1813.09
3.975                1593.06                   0.802072                    1986.19
3.98                1683.81                   0.800617                    2103.15
3.985                1760.55                   0.803188                    2191.96
3.995                1864.9                   0.8088                    2305.77
4                1919.86                   0.810887                    2367.6
4.005                1937.56                   0.817816                    2369.19
4.00762                2012.4                   0.809566                    2485.78
4.01                1990.75                   0.821828                    2422.35
4.012                2311.71                   0.77564                    2980.38
4.014                2301.97                   0.795297                    2894.48
4.016                2474.64                   0.780141                    3172.04
4.018                2591.04                   0.780151                    3321.2
4.02                2518.15                   0.799839                    3148.33
4.025                2843.15                   0.780257                    3643.86
4.03                2929.53                   0.792882                    3694.79
4.035                2838.37                   0.813562                    3488.82
4.04                2352.27                   0.878731                    2676.89
4.055                2353.2                   0.856024                    2748.99
4.06                2488.29                   0.839892                    2962.63
4.065                2265.65                   0.881153                    2571.23
4.08                2337.1                   0.863573                    2706.32
4.08545                2167.89                   0.896215                    2418.94
4.09                2155.17                   0.889655                    2422.48
4.1                2297.09                   0.86704                    2649.35
4.11                2075.21                   0.910264                    2279.79
4.12                1880.87                   0.938783                    2003.52
4.12848                1897.26                   0.919105                    2064.24
4.13                2086.49                   0.867938                    2403.96
4.14                2082.91                   0.893748                    2330.53
4.145                1980.11                   0.91741                    2158.37
4.15                1769.73                   0.966645                    1830.8
4.15744                1866.31                   0.91863                    2031.62
4.16                1924.31                   0.90559                    2124.93
4.17                1908.42                   0.915452                    2084.67
4.18                1874.75                   0.922839                    2031.51
4.18859                1714.84                   0.959782                    1786.69
4.1888                1672.08                   0.984566                    1698.29
4.19                1783.74                   0.924388                    1929.64
4.195                1883.68                   0.907259                    2076.23
4.1989                1647.53                   0.987275                    1668.76
4.2                1769.99                   0.925985                    1911.47
4.203                1755.5                   0.938415                    1870.71
4.206                1542.34                   1.01935                    1513.06
4.20773                1650.21                   0.951407                    1734.5
4.2092                1453.3                   1.05742                    1374.39
4.21                1232.47                   1.2384                    995.209
4.215                1539.45                   0.951934                    1617.18
4.21713                1387.29                   1.04142                    1332.12
4.2187                1349.78                   1.04769                    1288.34
4.22                1571.27                   0.922806                    1702.71
4.225                1148.12                   1.19102                    963.983
4.22626                1163.61                   1.13571                    1024.57
4.23                1168.06                   1.09752                    1064.28
4.235                1075.6                   1.14834                    936.653
4.2357                1046.76                   1.1756                    890.403
4.24                1149.06                   1.05116                    1093.14
4.24166                944.035                   1.29401                    729.541
4.243                1108.61                   1.04882                    1057.01
4.2438                984.016                   1.21074                    812.741
4.245                1126.21                   1.03036                    1093.02
4.248                1075.55                   1.08887                    987.763
4.25                963.37                   1.20266                    801.033
4.255                918.517                   1.19424                    769.125
4.25797                952.32                   1.13165                    841.535
4.26                1011.86                   1.06736                    948.003
4.265                791.314                   1.34585                    587.966
4.2668                973.64                   1.05047                    926.862
4.27                1032.16                   1.03021                    1001.89
4.275                840.77                   1.23317                    681.797
4.2777                946.746                   1.06868                    885.899
4.28                862.741                   1.17636                    733.399
4.285                968.579                   1.04332                    928.367
4.28788                918.809                   1.09781                    836.944
4.29                964.919                   1.0445                    923.811
4.3                1070.68                   0.986155                    1085.71
4.30789                1057.44                   1.00495                    1052.24
4.31                1123.69                   0.960615                    1169.76
4.31205                1013.45                   1.05213                    963.239
4.32                1040.08                   1.00635                    1033.52
4.33                1266.95                   0.914206                    1385.85
4.33739                1228.97                   0.949642                    1294.14
4.34                1139.59                   1.00057                    1138.93
4.35                1310.1                   0.916818                    1428.96
4.35826                1471                   0.887219                    1657.99
4.36                1611.77                   0.850363                    1895.4
4.37                1636.03                   0.8844                    1849.88
4.37737                1639.1                   0.893078                    1835.34
4.38                1804.19                   0.852792                    2115.62
4.3874                1765.19                   0.886028                    1992.25
4.39                2085.61                   0.81966                    2544.48
4.395                2106.23                   0.847397                    2485.52
4.39645                1867.75                   0.914145                    2043.17
4.4                1996.15                   0.865111                    2307.39
4.41                2375.39                   0.831028                    2858.38
4.41558                1988.12                   0.918216                    2165.2
4.42                1973.25                   0.904971                    2180.46
4.425                2155.57                   0.866452                    2487.81
4.43                2074.56                   0.894135                    2320.18
4.43624                2018.27                   0.905053                    2230
4.44                1930.4                   0.925437                    2085.93
4.45                2019.02                   0.899739                    2244
4.46                1820.7                   0.949205                    1918.13
4.46706                1515.03                   1.04356                    1451.79
4.48                1689.94                   0.940345                    1797.14
4.5                1465.5                   1.00798                    1453.89
4.52                1447.23                   0.988444                    1464.15
4.52714                1445.96                   0.984863                    1468.19
4.54                1430.52                   0.985511                    1451.56
4.55                1554.2                   0.941305                    1651.12
4.56                1471.81                   0.977692                    1505.39
4.57                1395.84                   0.999229                    1396.92
4.5745                1278.23                   1.05546                    1211.06
4.58                1247.22                   1.04911                    1188.83
4.59                1236.41                   1.03448                    1195.2
4.59953                1271.63                   1.0066                    1263.3
4.61186                1190.14                   1.04364                    1140.37
4.628                1272.21                   0.988992                    1286.37
4.64091                1236.43                   1.00791                    1226.73
4.66124                1319.7                   0.970356                    1360.02
4.68192                1354.66                   0.966098                    1402.19
4.69882                1370.56                   0.965023                    1420.23
4.7397                1374.21                   0.96863                    1418.72
4.75005                1397.26                   0.960867                    1454.16
4.78054                1329.19                   0.986044                    1348
4.84307                1256.37                   0.997856                    1259.07
4.91802                1231.54                   0.994746                    1238.04
4.95093                1212.41                   0.998692                    1214
