0.53708
0.5222399999999999
0.52082
0.48623999999999995
0.46026000000000006
0.43622
0.41226
0.38142
0.36726
0.35548
0.34194
0.34744
0.34042
0.32708000000000004
0.33384
0.32248000000000004
0.3297
0.32036
0.31538
0.30166
0.30735999999999997
0.30308
0.2967
0.28138
0.26184
0.52776
0.52912
0.50446
0.48041999999999996
0.45326000000000005
0.42328000000000005
0.40128
0.39766
0.37134
0.36298
0.36514
0.37051999999999996
0.37
0.37192
0.39421999999999996
0.38588
0.37988
0.38848
0.38482
0.3961
0.38926
0.37906
0.38548000000000004
0.38448000000000004
0.35474
0.5286
0.5284
0.49663999999999997
0.47934
0.4652
0.4288
0.40258
0.38792
0.37438
0.38682
0.38211999999999996
0.38652
0.3805
0.3975
0.39902
0.40706
0.41648
0.42854
0.43372
0.42446000000000006
0.44106000000000006
0.42962
0.44022
0.44276000000000004
0.39804
0.53964
0.53646
0.50566
0.47222
0.44796
0.4255
0.39344
0.38436
0.3827
0.38461999999999996
0.391
0.39814
0.39678
0.41212
0.42052
0.43098000000000003
0.44288
0.4404
0.43298000000000003
0.45518000000000003
0.4615
0.44748000000000004
0.46808
0.4689
0.41
0.5334399999999999
0.5140600000000001
0.51276
0.47968
0.46012
0.4271
0.39546
0.37668
0.37836
0.39468000000000003
0.3856
0.40294
0.41216
0.40988
0.43343999999999994
0.43068
0.43108
0.44596
0.45
0.45948
0.45861999999999997
0.45286000000000004
0.46496000000000004
0.4653
0.41148
0.52056
0.51858
0.4917
0.45861999999999997
0.45386000000000004
0.42368
0.40984
0.38082
0.39805999999999997
0.3931
0.39764
0.40444
0.40536
0.42332
0.4256
0.43078
0.44543999999999995
0.44623999999999997
0.44492
0.45353999999999994
0.45566
0.4585
0.45913999999999994
0.46636000000000005
0.4089
0.53938
0.5229199999999999
0.49648000000000003
0.46556000000000003
0.43893999999999994
0.4184
0.41372
0.39424000000000003
0.39014
0.38786
0.39384
0.4017
0.4135
0.40996000000000005
0.4239
0.44048000000000004
0.44773999999999997
0.43622
0.45268
0.4426
0.4542
0.46008000000000004
0.46336000000000005
0.46656000000000003
0.41522
0.53376
0.52922
0.49108
0.45833999999999997
0.4444
0.42408
0.40546
0.39738
0.38028
0.39002
0.40284000000000003
0.41631999999999997
0.4151
0.40918000000000004
0.43233999999999995
0.43023999999999996
0.42758
0.43496
0.4456
0.43972
0.44958000000000004
0.46552
0.46974
0.475
0.4017
0.5371199999999999
0.51322
0.4894
0.47628000000000004
0.45164
0.429
0.41381999999999997
0.39532
0.39738
0.40871999999999997
0.40144
0.41308
0.41246000000000005
0.41476
0.41003999999999996
0.4352
0.42901999999999996
0.437
0.43712
0.44522
0.4599
0.45703999999999995
0.4684
0.45556
0.40321999999999997
0.5243399999999999
0.51988
0.49886
0.48738000000000004
0.4455
0.41431999999999997
0.40818000000000004
0.39708000000000004
0.38548000000000004
0.40124
0.41228000000000004
0.40186
0.40512
0.41628000000000004
0.41884
0.4338
0.44282
0.43482
0.43522
0.45176000000000005
0.45806
0.45858000000000004
0.45233999999999996
0.48296000000000006
0.40268000000000004
0.52794
0.51568
0.50442
0.46188
0.44828
0.41984
0.4067
0.40028
0.41063999999999995
0.39936
0.40692
0.39155999999999996
0.4028
0.42422
0.42988000000000004
0.42572
0.44223999999999997
0.43683999999999995
0.45566
0.44961999999999996
0.45532
0.44588
0.47863999999999995
0.4728
0.39534
0.54168
0.50754
0.5040600000000001
0.4673
0.45503999999999994
0.41622
0.40902
0.40664
0.40016
0.39198
0.40452
0.40254
0.41092
0.4284
0.42372
0.42502
0.43013999999999997
0.44966000000000006
0.45093999999999995
0.44333999999999996
0.46132
0.44903999999999994
0.46708
0.46624
0.41106000000000004
0.5282399999999999
0.51572
0.5196
0.47781999999999997
0.43943999999999994
0.4228
0.40896
0.39352
0.39644
0.40348
0.40358
0.39698
0.40138
0.42298
0.4364
0.43382
0.43306000000000006
0.4475
0.45464
0.44506
0.45003999999999994
0.45188
0.4721
0.46871999999999997
0.39786
0.52874
0.51874
0.49736
0.47003999999999996
0.45168
0.43068
0.41338
0.3982
0.3939
0.39142
0.39838
0.41338
0.39974
0.4137
0.42986
0.4524
0.43313999999999997
0.43804
0.44611999999999996
0.45776000000000006
0.44128
0.4637
0.45052
0.47481999999999996
0.4087
0.5280600000000001
0.52184
0.50274
0.4762
0.4494
0.43964
0.41358
0.4026
0.40004
0.38618
0.3946
0.4102
0.4043
0.41556000000000004
0.43098000000000003
0.43823999999999996
0.44356
0.43848000000000004
0.44482
0.4629
0.45124
0.47566
0.45758000000000004
0.45568000000000003
0.40874
0.52232
0.50838
0.50022
0.48568
0.44782
0.42363999999999996
0.41148
0.39146
0.38195999999999997
0.38854
0.38011999999999996
0.40166
0.39905999999999997
0.4194
0.43106000000000005
0.44246
0.43393999999999994
0.43598000000000003
0.4341
0.45553999999999994
0.46771999999999997
0.47252
0.471
0.46458
0.41142
0.533
0.53098
0.5069
0.48056000000000004
0.4507
0.42654
0.39208000000000004
0.38656
0.38384
0.38018
0.38964
0.39636
0.39452
0.41562
0.4412
0.44292
0.44382
0.45474
0.45892
0.4591
0.4587
0.46496000000000004
0.46128
0.4641
0.39654
0.54078
0.5129
0.5019399999999999
0.48458
0.46342
0.41806000000000004
0.40521999999999997
0.3881
0.3685
0.37866
0.38
0.37208
0.38518
0.39828
0.40658
0.42123999999999995
0.42048
0.43612
0.4347
0.44048000000000004
0.44433999999999996
0.44123999999999997
0.43191999999999997
0.45724
0.39948
0.5314800000000001
0.5201
0.5257
0.49801999999999996
0.46552
0.41948
0.40284000000000003
0.38592
0.3789
0.36901999999999996
0.34184000000000003
0.37322
0.36726
0.36972
0.38068
0.38782
0.37666
0.39061999999999997
0.38856
0.38378
0.38996
0.40762
0.395
0.38866
0.3462
0.5447
0.53442
0.5083
0.49693999999999994
0.4579
0.44818
0.41452
0.3708
0.37554
0.35396
0.3327
0.33894
0.34008
0.33426
0.33152
0.33478
0.3351
0.32814
0.31782
0.31995999999999997
0.3227
0.30651999999999996
0.2922
0.2934
0.25594
