2.6854e+03
2.6112e+03
2.6041e+03
2.4312e+03
2.3013e+03
2.1811e+03
2.0613e+03
1.9071e+03
1.8363e+03
1.7774e+03
1.7097e+03
1.7372e+03
1.7021e+03
1.6354e+03
1.6692e+03
1.6124e+03
1.6485e+03
1.6018e+03
1.5769e+03
1.5083e+03
1.5368e+03
1.5154e+03
1.4835e+03
1.4069e+03
1.3092e+03
2.6388e+03
2.6456e+03
2.5223e+03
2.4021e+03
2.2663e+03
2.1164e+03
2.0064e+03
1.9883e+03
1.8567e+03
1.8149e+03
1.8257e+03
1.8526e+03
1.8500e+03
1.8596e+03
1.9711e+03
1.9294e+03
1.8994e+03
1.9424e+03
1.9241e+03
1.9805e+03
1.9463e+03
1.8953e+03
1.9274e+03
1.9224e+03
1.7133e+03
2.6430e+03
2.6104e+03
2.4832e+03
2.3967e+03
2.3260e+03
2.1440e+03
2.0129e+03
1.9396e+03
1.8719e+03
1.9341e+03
1.9106e+03
1.9326e+03
1.9025e+03
1.9875e+03
1.9951e+03
2.0353e+03
2.0824e+03
2.1427e+03
2.1686e+03
2.1223e+03
2.1873e+03
2.1482e+03
2.2011e+03
2.2137e+03
1.9411e+03
2.6982e+03
2.6823e+03
2.5283e+03
2.3611e+03
2.2398e+03
2.1275e+03
1.9672e+03
1.9218e+03
1.9135e+03
1.9231e+03
1.9550e+03
1.9907e+03
1.9486e+03
2.0606e+03
2.1026e+03
2.1549e+03
2.1566e+03
2.2020e+03
2.1649e+03
2.2759e+03
2.2421e+03
2.2374e+03
2.3404e+03
2.3445e+03
2.0500e+03
2.6672e+03
2.5703e+03
2.5638e+03
2.3984e+03
2.3006e+03
2.1355e+03
1.9773e+03
1.8834e+03
1.8918e+03
1.9734e+03
1.9280e+03
2.0147e+03
2.0608e+03
2.0494e+03
2.1672e+03
2.1534e+03
2.1554e+03
2.2298e+03
2.1887e+03
2.2543e+03
2.2931e+03
2.2643e+03
2.3248e+03
2.3265e+03
2.0574e+03
2.6028e+03
2.5929e+03
2.4585e+03
2.2931e+03
2.2693e+03
2.1184e+03
2.0492e+03
1.9041e+03
1.9903e+03
1.9655e+03
1.9882e+03
2.0222e+03
2.0268e+03
2.1166e+03
2.1280e+03
2.1539e+03
2.2272e+03
2.2312e+03
2.2246e+03
2.2677e+03
2.2783e+03
2.2925e+03
2.2815e+03
2.3318e+03
2.0445e+03
2.6969e+03
2.6146e+03
2.4824e+03
2.3278e+03
2.1947e+03
2.0920e+03
2.0686e+03
1.9712e+03
1.9507e+03
1.9393e+03
1.9692e+03
2.0085e+03
2.0675e+03
2.0498e+03
2.1195e+03
2.2024e+03
2.2387e+03
2.1811e+03
2.2634e+03
2.2130e+03
2.2710e+03
2.3004e+03
2.3168e+03
2.3328e+03
2.0761e+03
2.6688e+03
2.6461e+03
2.4554e+03
2.2917e+03
2.2220e+03
2.1204e+03
2.0273e+03
1.9869e+03
1.9014e+03
1.9501e+03
2.0142e+03
2.0816e+03
2.0755e+03
2.0459e+03
2.1617e+03
2.1512e+03
2.1379e+03
2.1748e+03
2.2280e+03
2.2026e+03
2.1862e+03
2.3276e+03
2.3487e+03
2.3750e+03
2.0085e+03
2.6856e+03
2.5661e+03
2.4470e+03
2.3814e+03
2.2582e+03
2.1450e+03
2.0691e+03
1.9766e+03
1.9869e+03
2.0436e+03
2.0072e+03
2.0654e+03
2.0623e+03
2.0738e+03
2.0033e+03
2.1522e+03
2.1451e+03
2.1850e+03
2.1856e+03
2.2261e+03
2.2995e+03
2.2156e+03
2.3420e+03
2.2778e+03
2.0161e+03
2.6217e+03
2.5994e+03
2.4943e+03
2.4369e+03
2.2275e+03
2.0716e+03
2.0409e+03
1.9854e+03
1.9274e+03
2.0062e+03
2.0614e+03
2.0093e+03
2.0256e+03
2.0814e+03
2.0942e+03
2.1690e+03
2.2141e+03
2.1741e+03
2.1761e+03
2.2588e+03
2.2903e+03
2.2929e+03
2.2617e+03
2.4148e+03
2.0134e+03
2.6397e+03
2.5784e+03
2.5221e+03
2.3094e+03
2.2414e+03
2.0992e+03
2.0335e+03
2.0014e+03
2.0532e+03
1.9968e+03
2.0346e+03
1.9578e+03
2.0140e+03
2.1211e+03
2.1494e+03
2.1286e+03
2.2112e+03
2.1842e+03
2.1082e+03
2.2481e+03
2.2766e+03
2.2294e+03
2.3932e+03
2.3640e+03
1.9767e+03
2.7084e+03
2.5377e+03
2.5203e+03
2.3365e+03
2.2752e+03
2.0811e+03
2.0451e+03
2.0332e+03
2.0008e+03
1.9599e+03
2.0226e+03
2.0127e+03
2.0546e+03
2.1420e+03
2.1186e+03
2.0845e+03
2.1507e+03
2.2483e+03
2.2547e+03
2.2167e+03
2.3066e+03
2.2452e+03
2.3354e+03
2.3312e+03
2.0553e+03
2.6412e+03
2.5786e+03
2.5980e+03
2.3891e+03
2.1972e+03
2.1140e+03
2.0448e+03
1.9676e+03
1.9822e+03
2.0174e+03
2.0179e+03
1.9849e+03
2.0069e+03
2.1149e+03
2.1820e+03
2.1691e+03
2.1653e+03
2.2375e+03
2.2732e+03
2.2253e+03
2.2502e+03
2.2594e+03
2.3299e+03
2.3436e+03
1.9893e+03
2.6437e+03
2.5937e+03
2.4868e+03
2.3502e+03
2.2584e+03
2.1534e+03
2.0669e+03
1.9910e+03
1.9695e+03
1.9571e+03
1.9919e+03
2.0669e+03
1.9987e+03
2.0685e+03
2.1493e+03
2.2620e+03
2.1657e+03
2.1902e+03
2.2306e+03
2.2888e+03
2.2064e+03
2.3185e+03
2.2526e+03
2.3741e+03
2.0522e+03
2.6403e+03
2.6092e+03
2.5137e+03
2.3810e+03
2.2470e+03
2.1982e+03
2.0679e+03
2.0130e+03
2.0002e+03
1.9309e+03
1.9730e+03
2.0510e+03
2.0215e+03
2.0778e+03
2.1201e+03
2.1897e+03
2.2178e+03
2.1924e+03
2.2241e+03
2.2750e+03
2.2562e+03
2.3783e+03
2.2879e+03
2.2784e+03
2.0437e+03
2.6116e+03
2.5419e+03
2.5011e+03
2.4284e+03
2.2391e+03
2.1182e+03
2.0574e+03
1.9573e+03
1.9098e+03
1.9427e+03
1.9006e+03
2.0083e+03
1.9953e+03
2.0970e+03
2.1553e+03
2.2123e+03
2.1697e+03
2.1799e+03
2.1705e+03
2.2777e+03
2.3386e+03
2.3626e+03
2.3550e+03
2.3229e+03
2.0571e+03
2.6650e+03
2.6549e+03
2.5345e+03
2.4028e+03
2.2535e+03
2.1327e+03
1.9604e+03
1.9328e+03
1.9192e+03
1.9009e+03
1.9482e+03
1.9818e+03
1.9726e+03
2.0781e+03
2.2060e+03
2.2146e+03
2.2191e+03
2.2737e+03
2.2946e+03
2.2955e+03
2.2420e+03
2.3248e+03
2.3064e+03
2.3205e+03
1.9824e+03
2.6795e+03
2.6648e+03
2.5097e+03
2.4229e+03
2.2810e+03
2.0903e+03
2.0261e+03
1.9405e+03
1.8425e+03
1.8933e+03
1.9000e+03
1.8604e+03
1.9259e+03
1.9914e+03
2.0329e+03
2.1062e+03
2.1024e+03
2.1806e+03
2.1211e+03
2.2024e+03
2.2217e+03
2.2062e+03
2.1596e+03
2.2862e+03
1.9974e+03
2.6574e+03
2.6005e+03
2.6285e+03
2.4188e+03
2.3276e+03
2.0974e+03
2.0142e+03
1.9296e+03
1.8945e+03
1.8451e+03
1.7092e+03
1.8661e+03
1.8363e+03
1.8486e+03
1.9034e+03
1.9391e+03
1.8833e+03
1.9531e+03
1.9428e+03
1.9189e+03
1.9498e+03
2.0381e+03
1.9363e+03
1.9433e+03
1.7310e+03
2.7235e+03
2.6721e+03
2.5415e+03
2.4847e+03
2.2895e+03
2.2409e+03
2.0726e+03
1.8540e+03
1.8777e+03
1.7698e+03
1.6635e+03
1.6947e+03
1.7004e+03
1.6713e+03
1.6190e+03
1.6739e+03
1.6755e+03
1.6407e+03
1.5891e+03
1.5998e+03
1.6135e+03
1.5326e+03
1.4610e+03
1.4670e+03
1.2797e+03
