1.861920011916288
1.9148284313725492
1.9200491532583235
2.056597564988483
2.1726850041281014
2.2924212553298795
2.4256537136758354
2.6217817628860574
2.722866633992267
2.8130977832789466
2.924489676551442
2.8781947962238084
2.9375477351506962
3.057355998532469
2.9954469206805654
3.1009675018605805
3.0330603579011224
3.121488325633662
3.1707781089479354
3.3149903865278794
3.2535137948984905
3.299458888742246
3.370407819346141
3.5539128580567203
3.819126183929117
1.8948006669698347
1.8899304505594194
1.9823177258851048
2.0815120103242997
2.2062392445836823
2.3625023625023625
2.4920255183413076
2.514711059699241
2.6929498572736574
2.7549727257700147
2.7386755764912087
2.698909640505236
2.7027027027027026
2.688750268875027
2.53665465983461
2.5914792163366847
2.632410234810993
2.574135090609555
2.5986175354711296
2.5246149962130775
2.568977033345322
2.638104785522081
2.5941683096399295
2.6009155222638367
2.8189660032700004
1.8917896329928112
1.8925056775170326
2.0135309278350517
2.0862018608920603
2.1496130696474633
2.332089552238806
2.4839783397088775
2.5778511033202722
2.671082856990224
2.585181738276201
2.616978959489166
2.58718824381662
2.628120893561104
2.5157232704402515
2.5061400431056087
2.4566402987274603
2.4010756819054935
2.3335044569935133
2.3056349718712537
2.3559345992555243
2.2672652246859837
2.3276383781015784
2.2715914769887786
2.2585599421808653
2.512310320570797
1.8530872433474168
1.864071878611639
1.9776134161294148
2.1176570242683495
2.2323421734083397
2.3501762632197414
2.541683611224075
2.6017275470912686
2.6130128037627385
2.5999688003743957
2.557544757033248
2.511679308785854
2.5202883209839206
2.426477724934485
2.3780081803481403
2.320293285071233
2.257947976878613
2.270663033605813
2.3095755000230955
2.19693308141834
2.1668472372697725
2.234736748011084
2.136386942403008
2.132650885050117
2.4390243902439024
1.874625074985003
1.9452982142162392
1.9502301271550042
2.084723148765844
2.1733460836303573
2.3413720440177945
2.5287007535528248
2.654773282361686
2.64298551643937
2.533698185872099
2.5933609958506225
2.481759070829404
2.4262422360248443
2.4397384600370837
2.3071244001476563
2.3219095384043835
2.3197550338684234
2.2423535743115974
2.2222222222222223
2.176373291546966
2.180454406698356
2.2081879609592368
2.1507226428079833
2.1491510853212983
2.430251774083795
1.9210081450745349
1.9283427822129662
2.033760423022168
2.180454406698356
2.203322610496629
2.360271903323263
2.4399765762248684
2.625912504595347
2.5121840928503243
2.543881963876876
2.514837541494819
2.47255464345762
2.4669429642786658
2.362279126901635
2.3496240601503757
2.321370537165142
2.244971264367816
2.2409465758336324
2.2475950732715995
2.2048771883406095
2.1946187947153577
2.1810250817884405
2.177984928344296
2.1442662320953767
2.4455857177794083
1.8539804961251807
1.9123384074045744
2.014179825974863
2.14795085488444
2.2782157014626145
2.390057361376673
2.417093686551291
2.536525974025974
2.5631824473266005
2.578249883978755
2.5391021734714605
2.4894199651481204
2.418379685610641
2.4392623670602007
2.359046945034206
2.2702506356701777
2.2334390494483407
2.2924212553298795
2.209066006892286
2.2593764121102575
2.2016732716864817
2.1735350373848026
2.158149171270718
2.143347050754458
2.408361832281682
1.8735011990407673
1.8895733343411059
2.0363280931823735
2.181786446742593
2.25022502250225
2.358045651763818
2.46633453361614
2.5164829634103376
2.6296413169243715
2.5639710784062357
2.4823751365306324
2.401998462720984
2.409058058299205
2.443912214673249
2.312994402553546
2.324284120490889
2.3387436269236166
2.299061982711054
2.244165170556553
2.2741744746656964
2.224298233907202
2.14813541845678
2.128837229105463
2.1052631578947367
2.4894199651481204
1.8617813523979745
1.9484821324188457
2.043318348998774
2.099605274208449
2.2141528651138076
2.331002331002331
2.4165095935430863
2.5295962764342814
2.5164829634103376
2.4466627520062634
2.491032283778398
2.4208385784835866
2.424477525093342
2.4110328864885715
2.438786459857575
2.297794117647059
2.3308936646310197
2.288329519450801
2.287701317715959
2.2460805893715468
2.1743857360295715
2.18799229826711
2.134927412467976
2.1951005356045306
2.4800357125142605
1.9071594766754398
1.923520812495191
2.004570420558874
2.0517871065698223
2.244668911335578
2.4135933577910795
2.449899554118281
2.518384204694268
2.5941683096399295
2.4922739507526668
2.425536043465606
2.488428806051859
2.468404423380727
2.4022292687614106
2.3875465571578647
2.305209774089442
2.258253918070548
2.2998022170093373
2.2976885253435047
2.213564724632548
2.183120115268742
2.180644598543329
2.210726444709732
2.0705648500911047
2.4833614780967515
1.8941546387847106
1.9391870927707104
1.9824749216922406
2.1650645189226636
2.23074863924333
2.3818597560975614
2.4588148512417014
2.4982512241431
2.4352230664328856
2.50400641025641
2.457485500835545
2.5538870160384106
2.4826216484607744
2.3572674555655087
2.3262305759746904
2.3489617589025653
2.2612156295224315
2.289167658639319
2.1946187947153577
2.2241003514078557
2.196257577088641
2.2427558984480127
2.089252883168979
2.1150592216582065
2.5294683057621286
1.8461084034854527
1.970288056113804
1.9838908066500018
2.139952921035737
2.19760900140647
2.4025755610013935
2.4448682216028557
2.459177650993508
2.499000399840064
2.5511505689065768
2.4720656580638782
2.4842251701694242
2.433563710697946
2.3342670401493932
2.360049089021052
2.35283045503741
2.324824475752081
2.2239025041142195
2.217589923271389
2.255605178869491
2.1676927078817307
2.2269730981649745
2.14096086323542
2.1448181194234732
2.4327348805527174
1.8930789035286992
1.93903668657411
1.924557351809084
2.0928383073123773
2.2756235208447118
2.3651844843897822
2.445226917057903
2.5411669038422446
2.5224498032489153
2.4784375929414098
2.477823479855295
2.519018590357197
2.4914046539438934
2.3641779753179817
2.2914757103574703
2.305103499147112
2.3091488477347246
2.2346368715083798
2.1995424951610065
2.2468880600368486
2.222024708914763
2.2129768965212
2.118195297606439
2.133469875405359
2.5134469411350726
1.8912887241366267
1.927748004780815
2.0106160527585653
2.1274785124670244
2.2139567835635847
2.3219095384043835
2.419081716580386
2.5113008538422905
2.538715410002539
2.5548004700832867
2.5101661730006524
2.419081716580386
2.501626056937009
2.41721053903795
2.3263388079839946
2.2104332449160036
2.308722353049822
2.282896539128847
2.2415493589168833
2.1845508563439355
2.266134880348078
2.156566745740781
2.219657284915209
2.1060612442609834
2.446782481037436
1.8937241980078021
1.916296182738004
1.989099733460636
2.099958000839983
2.2251891410769917
2.2745882995177875
2.4179118912906814
2.483854942871336
2.4997500249975
2.589466052100057
2.534211860111505
2.4378352023403216
2.4734108335394507
2.40639137549331
2.320293285071233
2.281854691493246
2.2544864279917034
2.280605728881591
2.248100355199856
2.160293799956794
2.2161155925893095
2.102342008998024
2.1854102014948205
2.1945224719101124
2.44654303469198
1.9145351508653699
1.9670325347181241
1.999120387029707
2.0589688683907097
2.2330400607386895
2.3604947597016337
2.430251774083795
2.5545394165431974
2.618075191119489
2.573737581716168
2.630748184783753
2.4896678783050343
2.5058888387711122
2.384358607534573
2.3198626641302833
2.2600913076888305
2.304466055215007
2.2936831964769024
2.30361667818475
2.195196909162752
2.1380313007782434
2.1163125370354696
2.1231422505307855
2.1524818115286926
2.4306061931845804
1.876172607879925
1.8833101058420278
1.9727756954034326
2.080905610121525
2.2187708009762592
2.3444460074084494
2.550499897980004
2.5869205298013247
2.6052521884118383
2.63033300015782
2.56647161482394
2.522958926228681
2.5347257426746426
2.406043982484
2.2665457842248413
2.2577440621331166
2.2531656978054166
2.199058802832388
2.1790290246666086
2.1781746896101066
2.180074122520166
2.1507226428079833
2.1678806798473813
2.154708037060978
2.5218136884047007
1.8491808128998852
1.9496977968414895
1.992269992429374
2.0636427421684758
2.1578697509818308
2.392001148160551
2.4677952717042597
2.576655501159495
2.7137042062415198
2.6408915649923417
2.6315789473684212
2.6875940657923025
2.5961887948491613
2.5107964246258914
2.4595405578237983
2.373943595100181
2.378234398782344
2.2929468953499037
2.3004370830457788
2.2702506356701777
2.2505288742854574
2.2663403136614995
2.3152435636228934
2.1870352550083108
2.5032542304996492
1.8815383457514863
1.9227071716977504
1.9022256039566292
2.007951487892053
2.14813541845678
2.383903880995518
2.4823751365306324
2.5912106135986734
2.6392187912377936
2.7098802232941304
2.9253451907325063
2.6793848132468785
2.722866633992267
2.7047495401925783
2.626878217925817
2.5785158063018927
2.6549142462698456
2.5600327684194357
2.5736051060325305
2.605659492417531
2.5643655759565083
2.4532652961091213
2.5316455696202533
2.5729429321257653
2.8885037550548818
1.8358729575913346
1.871187455559298
1.9673421207948063
2.0123153700647967
2.1838829438742082
2.231246374224642
2.4124288333494164
2.696871628910464
2.6628321883154924
2.8251779862131317
3.005710850616171
2.9503746975865934
2.9404845918607383
2.991683120923832
3.0164092664092665
2.987036262620228
2.9841838257236644
3.0474797342597673
3.1464350890441133
3.125390673834229
3.0988534242330337
3.2624298577580584
3.4223134839151266
3.408316291751875
3.907165741970774
