0.5259199999999999
0.51874
0.5114
0.48181999999999997
0.45682
0.42722
0.40364
0.38064000000000003
0.36075999999999997
0.351
0.33378
0.33778
0.33378
0.32168
0.32536
0.31282
0.31792
0.31018
0.29948
0.29158
0.29774
0.29896
0.2907
0.28006
0.27652
0.52178
0.5274399999999999
0.4964
0.48028000000000004
0.44378
0.42068
0.39348
0.3863
0.36548
0.36022
0.36122
0.36341999999999997
0.36036
0.37038000000000004
0.38604
0.37584
0.3714
0.38318
0.37995999999999996
0.37772
0.3849
0.3683
0.37412
0.37476
0.38222
0.52552
0.5200199999999999
0.49172
0.47222
0.45524
0.42158
0.3915
0.38874000000000003
0.3728
0.38158000000000003
0.37618
0.3795
0.37568
0.38892
0.39052
0.40486
0.41608
0.42076
0.41213999999999995
0.4159
0.43012
0.4243
0.43323999999999996
0.43478
0.43513999999999997
0.52736
0.5233800000000001
0.4988
0.46566
0.44652
0.41906000000000004
0.38845999999999997
0.38032
0.37958000000000003
0.38164000000000003
0.38838
0.39632
0.39111999999999997
0.4058
0.41422
0.42196000000000006
0.42836
0.4349
0.43401999999999996
0.45064
0.4501
0.44526000000000004
0.45248
0.45956
0.4522
0.5241399999999999
0.5142800000000001
0.5028
0.47196000000000005
0.45216000000000006
0.42178000000000004
0.39088
0.37468
0.3736
0.38916
0.3824
0.39926
0.40212
0.40665999999999997
0.43122
0.42663999999999996
0.42541999999999996
0.4466
0.43928
0.45208000000000004
0.45196000000000003
0.44678
0.45853999999999995
0.46288
0.46513999999999994
0.51976
0.50774
0.48416000000000003
0.45416000000000006
0.4555
0.41526
0.40318000000000004
0.38114000000000003
0.3929
0.39061999999999997
0.3913
0.3986
0.40206
0.417
0.42306000000000005
0.4312
0.43504
0.43898000000000004
0.44548000000000004
0.45024
0.4562
0.4572
0.45936000000000005
0.46662
0.4702
0.5331600000000001
0.51048
0.4904
0.46566
0.43516000000000005
0.4181
0.40836
0.3894
0.38794
0.38798
0.39006
0.40055999999999997
0.41028000000000003
0.40946
0.42466000000000004
0.43576000000000004
0.4396
0.4335
0.4486
0.44408000000000003
0.44661999999999996
0.45096
0.46192
0.45706
0.47323999999999994
0.52632
0.52218
0.48863999999999996
0.4569
0.43956000000000006
0.42046000000000006
0.3985
0.3939
0.38226
0.38336
0.40034000000000003
0.40794
0.41184
0.40174
0.42556000000000005
0.4277
0.42118
0.43446
0.44082
0.43914
0.44168
0.46288
0.4692
0.47056000000000003
0.4671
0.5331600000000001
0.50956
0.48468
0.46592
0.44666000000000006
0.427
0.40962
0.39014
0.39374000000000003
0.40308
0.39826
0.40754
0.40954
0.40914
0.40434000000000003
0.43156000000000005
0.42844
0.43046
0.4338
0.44022
0.45903999999999995
0.44803999999999994
0.46353999999999995
0.45516
0.46484
0.5213
0.5132800000000001
0.49678
0.4771
0.44136000000000003
0.41263999999999995
0.40186
0.38695999999999997
0.3799
0.3983
0.40698
0.3987
0.40242
0.41034
0.41394
0.42546000000000006
0.4374
0.43393999999999994
0.43542
0.44914
0.45038
0.4567
0.4483
0.47542
0.47208
0.5220199999999999
0.51052
0.50074
0.4557
0.44026000000000004
0.41936
0.40048
0.39255999999999996
0.40088
0.39742
0.39918000000000003
0.39184
0.405
0.42394
0.4273
0.42182
0.43996
0.43373999999999996
0.44156000000000006
0.44911999999999996
0.4561
0.44142
0.46948
0.46716
0.45526000000000005
0.53142
0.50308
0.49608
0.47003999999999996
0.45152
0.41338
0.40008
0.40604
0.39828
0.3883
0.39626
0.40078
0.40594
0.42468
0.4215
0.41741999999999996
0.42582
0.4455
0.44826000000000005
0.43398000000000003
0.46048
0.45196000000000003
0.46412
0.46431999999999995
0.46338
0.52564
0.5101399999999999
0.51046
0.47086000000000006
0.42913999999999997
0.41956000000000004
0.39632
0.39152
0.39311999999999997
0.39966
0.40324
0.39192
0.39742
0.41552
0.4333
0.43094
0.43172
0.43886000000000003
0.45332
0.44603999999999994
0.44766000000000006
0.45182
0.46668000000000004
0.46398
0.46502
0.5221399999999999
0.51118
0.48673999999999995
0.46221999999999996
0.44576000000000005
0.42673999999999995
0.40708
0.39605999999999997
0.37998000000000004
0.38806
0.39544
0.4062
0.39968000000000004
0.41048
0.42338000000000003
0.43232
0.4297
0.4355
0.44382
0.44828
0.4436
0.455
0.4491
0.47131999999999996
0.47373999999999994
0.52158
0.51008
0.49448000000000003
0.47272
0.44373999999999997
0.42854
0.33376
0.39802
0.3931
0.3821
0.39261999999999997
0.40636
0.40221999999999997
0.41423999999999994
0.42536
0.43922
0.44148000000000004
0.43262
0.44143999999999994
0.45661999999999997
0.45248
0.47008
0.45733999999999997
0.45718000000000003
0.47031999999999996
0.5211399999999999
0.50278
0.49576000000000003
0.48268
0.44322
0.42191999999999996
0.4024
0.38595999999999997
0.37792
0.38138
0.38208000000000003
0.3968
0.39282
0.4171
0.42402
0.43483999999999995
0.43372
0.43436
0.43263999999999997
0.45192
0.4504
0.4655
0.46478
0.4627
0.46826
0.5185
0.52094
0.5032800000000001
0.4732
0.4413
0.4191
0.39142
0.37782
0.38174
0.37506
0.38298000000000004
0.39202
0.39246
0.41322
0.43296
0.43573999999999996
0.4424
0.44123999999999997
0.45093999999999995
0.4457
0.44758000000000003
0.45578
0.45443999999999996
0.46271999999999996
0.45296000000000003
0.5368
0.51046
0.49754
0.47978000000000004
0.45518000000000003
0.41616000000000003
0.40186
0.38016
0.36554000000000003
0.37216
0.3744
0.3689
0.37592
0.39264
0.39818000000000003
0.40688
0.41116
0.42841999999999997
0.42118
0.43646
0.43543999999999994
0.43194
0.4266
0.45214
0.44133999999999995
0.5299
0.5179
0.50998
0.4855
0.4609
0.41048
0.39952
0.37714000000000003
0.37054000000000004
0.36275999999999997
0.34196
0.3653
0.35778000000000004
0.36858
0.36976
0.38022
0.36985999999999997
0.3771
0.37661999999999995
0.37948000000000004
0.38402
0.3863
0.38304
0.38048000000000004
0.37682
0.5328
0.5179600000000001
0.5039399999999999
0.4916
0.44952
0.43176000000000003
0.40158
0.36734
0.36025999999999997
0.34568000000000004
0.3192
0.33264
0.33804
0.32952
0.3256
0.32971999999999996
0.3249
0.31806
0.31016
0.31088000000000005
0.30582
0.29184
0.29022
0.2842
0.2702
