1.9014298752662002
1.927748004780815
1.9554165037152913
2.07546386617409
2.189046013747209
2.3407143860306165
2.477455158061639
2.6271542664985286
2.77192593413904
2.849002849002849
2.9959853795913474
2.9605068387707973
2.9959853795913474
3.108679432976871
3.0735185640521268
3.196726552010741
3.145445395067942
3.22393448965117
3.3391211433150794
3.4295905068934767
3.3586350507153893
3.344929087503345
3.4399724802201583
3.570663429265158
3.616374945754376
1.9165165395377362
1.895950250265433
2.0145044319097503
2.0821187640543015
2.253368786335572
2.377103736807074
2.541425231269696
2.588661661920787
2.736127831892306
2.7760812836599857
2.768395991362605
2.7516372241483684
2.775002775002775
2.6999298018251525
2.5904051393637966
2.6607066836951896
2.6925148088314486
2.6097395479931103
2.6318559848405094
2.6474637297469026
2.5980774227071968
2.715177844148792
2.67293916390463
2.6683744262994984
2.616294280780702
1.9028771502511799
1.9230029614245607
2.033677702757667
2.1176570242683495
2.1966435286881647
2.3720290336353718
2.554278416347382
2.5724134382878017
2.6824034334763946
2.620682425703653
2.658301876761125
2.635046113306983
2.6618398637137988
2.5712228735986837
2.5606883130185394
2.4699896260435708
2.4033839646221877
2.3766517729822225
2.4263599747658566
2.40442414041837
2.3249325769552684
2.356823002592505
2.3081894561905645
2.3000138000828003
2.2981109527968013
1.8962378640776698
1.9106576483625664
2.0048115477145148
2.147489584675514
2.239541341933172
2.3862931322483654
2.574267620861865
2.629364745477493
2.6344907529374573
2.6202704119065086
2.574797878366548
2.5232135647961242
2.55676007363469
2.464268112370626
2.414176041716962
2.369892880841786
2.3344850126062187
2.2993791676247413
2.3040412884198886
2.2190662169359134
2.221728504776716
2.2458788123792837
2.21004243281471
2.1759944294542604
2.21141088014153
1.9078872057083986
1.9444660496227735
1.988862370723946
2.118823629121112
2.211606510969568
2.3709042628858645
2.55832992222677
2.6689441656880537
2.6766595289079227
2.569637167231987
2.6150627615062763
2.5046335721084008
2.4868198547697205
2.4590567058476367
2.3190019015815593
2.343896493530846
2.3506182125899113
2.239140170174653
2.276452376616281
2.2119978764820383
2.2125851845296043
2.238238058999955
2.180834823570463
2.1603871413757343
2.149890355591865
1.9239649068800984
1.9695119549375666
2.065432914738929
2.201867183371499
2.1953896816684964
2.4081298463613154
2.4802817600079368
2.623707823896731
2.5451768897938405
2.5600327684194357
2.555583950932788
2.5087807325639737
2.4871909665224097
2.3980815347721824
2.3637309128728785
2.3191094619666046
2.2986392055902907
2.2780081097088707
2.2447696866301516
2.221037668798863
2.1920210434020166
2.1872265966754156
2.1769418321142457
2.143071450002143
2.126754572522331
1.875609573111261
1.9589406049208586
2.039151712887439
2.147489584675514
2.2980053313723685
2.391772303276728
2.448819668919581
2.568053415511043
2.5777182038459556
2.577452446002371
2.5637081474644927
2.4965048931495906
2.437359851808521
2.4422410003419137
2.354825036499788
2.294841196989168
2.2747952684258417
2.306805074971165
2.229157378510923
2.251846514141596
2.239039899691013
2.2174915735320204
2.164877034984413
2.1878965562508204
2.113092722508664
1.899984800121599
1.9150484507258032
2.0464963981663393
2.188662727073758
2.275002275002275
2.378347524140227
2.5094102885821834
2.538715410002539
2.616020509600795
2.6085141903171953
2.4978768047159914
2.451340883463254
2.4281274281274285
2.4891721013590877
2.349844910235924
2.3380874444704234
2.374281779761622
2.30170786723749
2.2684996143550658
2.2771781208726147
2.2640825937330193
2.1603871413757343
2.131287297527707
2.125127507650459
2.1408691928923145
1.875609573111261
1.9624774315095375
2.063216967896344
2.146291208791209
2.238839385662472
2.34192037470726
2.441287046530931
2.5631824473266005
2.5397470411946967
2.4808970923886076
2.510922512931251
2.4537468714727386
2.441763930263222
2.4441511463068877
2.4731661473017756
2.317174900361479
2.334049108393241
2.3230962226455416
2.305209774089442
2.2715914769887786
2.178459393516905
2.2319435764663873
2.1573111274107952
2.197029615959223
2.151277859048275
1.918281220026856
1.9482543640897756
2.012963484842385
2.0959966464053656
2.2657241254304874
2.4234199302055064
2.488428806051859
2.5842464337399216
2.632271650434325
2.5106703489831785
2.457123200157256
2.508151492350138
2.4849659559664032
2.437003460544914
2.4158090544523363
2.3503972171296947
2.286236854138089
2.304466055215007
2.2966331358228835
2.2264772676670974
2.2203472623118254
2.1896211955331726
2.230649118893598
2.103403306549998
2.1182850364345027
1.915635416267576
1.9587871190159054
1.9970443743259976
2.194426157559798
2.271385090628265
2.384586035864174
2.4970035956851775
2.5473812920317913
2.494512073438435
2.5162296814453224
2.5051355278320555
2.552062066149449
2.4691358024691357
2.3588243619380105
2.340276152586005
2.370679436726566
2.272933903082098
2.3055286577212155
2.264697889301567
2.226576416102601
2.1925016443762333
2.2654161569480316
2.1300161881230295
2.1405942289579585
2.196547028071871
1.881750780926574
1.9877554265723145
2.0158039025963554
2.1274785124670244
2.2147413182140325
2.419081716580386
2.4995000999800037
2.462811545660526
2.5107964246258914
2.5753283543651815
2.5235956190380056
2.4951344877488895
2.4634182391486426
2.3547141377036827
2.372479240806643
2.3956686311149444
2.348410126344465
2.244668911335578
2.2308481684736536
2.3042536522420387
2.171646977067408
2.2125851845296043
2.1546151857278293
2.15368711233632
2.1580560231343604
1.9024427364736323
1.9602462069235898
1.9590173568937819
2.1237735207917425
2.3302418791070516
2.3834493278672895
2.5232135647961242
2.5541479362484676
2.543752543752544
2.5021268077866186
2.479912707072711
2.551541130843029
2.5162296814453224
2.406623026569118
2.3078698361412417
2.320508655497285
2.3163161308255353
2.2786309984961033
2.205947233742169
2.2419513944937677
2.233838180762185
2.213270771546191
2.142795920116568
2.15526531316005
2.150445142144424
1.9151951583866398
1.9562580695645369
2.0544849406253856
2.1634719397689413
2.243359655419957
2.3433472371936075
2.456519603026432
2.5248699691965864
2.631717458813622
2.576921094676081
2.5288286465709082
2.461841457410143
2.502001601281025
2.4361722861040733
2.361944352591053
2.313101406365655
2.327205026762858
2.296211251435132
2.2531656978054166
2.23074863924333
2.254283137962128
2.197802197802198
2.22667557336896
2.121700755325469
2.110862498416853
1.917251428352314
1.9604767879548306
2.0223264843876394
2.115417160264004
2.2535719114796957
2.3335044569935133
2.9961649089165867
2.5124365609768353
2.543881963876876
2.617115938236064
2.5469920024451125
2.460872133083965
2.486201581224206
2.4140594824256474
2.3509497837126196
2.2767633532170666
2.26510827217541
2.3114973880079517
2.265313519391084
2.1900048180105998
2.21004243281471
2.1272974812797822
2.1865570472733635
2.1873222800647447
2.1262119408062596
1.918870169244349
1.9889414853415013
2.0171050508310473
2.0717659733156544
2.256215874734895
2.3701175578308686
2.485089463220676
2.5909420665353924
2.6460626587637597
2.622056741307882
2.617252931323283
2.5201612903225805
2.54569522936714
2.397506593143131
2.3583793217301072
2.299696440069911
2.3056349718712537
2.302237775117414
2.311390532544379
2.212781023189945
2.2202486678507993
2.1482277121374866
2.151555574680494
2.161227577263886
2.1355657113569384
1.9286403085824493
1.9196068645141475
1.986965506278811
2.113271344040575
2.2660321776569226
2.3860653781913626
2.5548004700832867
2.6467630088401886
2.6195840100592025
2.6662400682557457
2.6111024074364195
2.5508902607009847
2.5480303725220406
2.4200183921397804
2.309682187730968
2.294946527745904
2.2603978300180834
2.2663403136614995
2.217589923271389
2.243661655822302
2.2342374547566917
2.1940409846855937
2.2005105184402782
2.161134163208852
2.2077004592016953
1.8628912071535022
1.9590173568937819
2.00988865216867
2.0842886322897995
2.19693308141834
2.4029219530949635
2.488428806051859
2.6304713804713806
2.735678721890901
2.687016337059329
2.6709401709401708
2.7107617240444566
2.660140455416046
2.5468622656886715
2.5114269928173187
2.457727093983484
2.432143204591886
2.3341580691844452
2.374281779761622
2.2911607020116387
2.2965276501929086
2.315136361531694
2.344116268166901
2.211704339363914
2.265826800199393
1.887148518588413
1.9308746862328634
1.960861210243539
2.059732234809475
2.1696680407897593
2.4361722861040733
2.5030036043251904
2.651535238903325
2.6987639661035243
2.7566435108611755
2.9243186337583342
2.737476047084588
2.7950136955671083
2.713115198871344
2.7044569450454348
2.6300562832044605
2.703725734061537
2.6518164942985947
2.6551962190005844
2.635184989986297
2.6040310400499975
2.588661661920787
2.6106934001670843
2.6282590412111015
2.6537869539833343
1.8768768768768769
1.9306510155224341
1.984363217843394
2.034174125305126
2.224595123687489
2.316101537891421
2.490163852781513
2.722273642946589
2.7757730527952034
2.8928488775746355
3.1328320802005014
3.006253006253006
2.958229795290498
3.034717164360282
3.0712530712530715
3.0328763799587533
3.077870113881194
3.1440608690184244
3.2241423781274183
3.2166752444673183
3.269897325223988
3.426535087719298
3.4456619116532288
3.518648838845883
3.7009622501850483
