4.61186           4965.676833237617          96.86904876484738 
4.628           4976.734825671156          42.94885287949762 
4.64091           4870.436840133653          41.65420650986071 
4.66124           5167.517813612527          42.9256053071746 
4.68192           5358.397861180901          23.89781445367462 
4.69882           5500.858863353496          43.27294697067883 
4.7397           5150.482160920016          77.25282044909149 
4.75005           5183.471307066321          51.77483736155934 
4.78054           5083.887812252286          43.554630670638964 
4.84307           4685.150113195125          42.301295017469215 
4.91802           4638.457415879247          66.72157729741454 
4.95093           4624.653553743549          76.89575789591285 
