4.61186            4956.18        96.86904876484738 
4.628             5009.82   42.94885287949762 
4.64091            4857.07       41.65420650986071 
4.66124            5334.05       42.9256053071746 
4.68192            5583.63       23.89781445367462 
4.69882             5765.31        43.27294697067883 
4.7397             5219.06      77.25282044909149 
4.75005             5292.87        51.77483736155934 
4.78054             5155.35        43.554630670638964 
4.84307            4639.07       42.301295017469215 
4.91802             4645.67       66.72157729741454 
4.95093             4639.73        76.89575789591285 
