4.61186                3381.515157848243               85.30784950766494
4.628                3326.6311190917186               37.697738666654594
4.64091                3233.6828793165387               36.37428227099801
4.66124                3433.716144693209               37.422352029184694
4.68192                3568.04862929671               20.66496097369698
4.69882                3699.3033293332574               37.563103056341276
4.7397                3313.260560855699               66.63627166256678
4.75005                3333.0042100250917               44.72021990183186
4.78054                3314.390977140961               37.59711181661918
4.84307                3037.4277286622973               36.32755844476985
4.91802                3023.411174873932               57.29851823349791
4.95093                3014.2609057709274               65.53432681676107
