3.94                28.0765                   0.6526                    43.0225
3.945                0.00109428                   1237.27                    8.84431e-07
3.95                56.3018                   0.633196                    88.917
3.955                238.748                   0.632988                    377.177
3.96                2.77e-07                   6.58324e+07                    4.20765e-15
3.965                6.43e-07                   1.25259e+07                    5.13335e-14
3.97                150.951                   0.651813                    231.586
3.975                71.5321                   0.822135                    87.0077
3.98                236.413                   0.668671                    353.557
3.985                75.8632                   0.932695                    81.3376
3.99                2.35e-05                   774084                    3.03585e-11
3.995                42253.9                   0.614976                    68708.3
4                197.307                   15.3824                    12.8268
4.005                175.585                   7.59581                    23.116
4.00762                242.095                   4.64755                    52.0908
4.01                337.02                   3.07948                    109.441
4.012                214.415                   4.12472                    51.9831
4.014                407.123                   2.25677                    180.401
4.016                285.088                   2.81622                    101.231
4.018                299.004                   2.54264                    117.596
4.02                349.915                   2.14379                    163.223
4.025                316.679                   2.08289                    152.038
4.03                367.759                   1.73108                    212.444
4.035                422.165                   1.49972                    281.497
4.04                263.109                   1.9359                    135.91
4.05                0.00867552                   32524.6                    2.66737e-07
4.055                94.1792                   3.27521                    28.7551
4.06                231.5                   1.6299                    142.033
4.065                83.8337                   3.35475                    24.9895
4.07                2.61e-06                   8.06832e+07                    3.23487e-14
4.08                110.609                   2.26296                    48.8782
4.08545                73.604                   3.00549                    24.4898
4.09                1146.99                   0.75454                    1520.12
4.1                129.781                   2.31928                    55.9573
4.11                118.414                   2.06777                    57.2666
4.12                742.838                   0.849304                    874.643
4.12848                584.472                   0.959855                    608.917
4.13                527.936                   1.0001                    527.882
4.14                548.082                   0.97266                    563.487
4.145                882.577                   0.835964                    1055.76
4.15                1055.9                   0.820702                    1286.59
4.15744                917.907                   0.87868                    1044.64
4.16                769.971                   0.935959                    822.654
4.17                1005.8                   0.856015                    1174.98
4.18                753.641                   0.949184                    793.988
4.18859                927.352                   0.880216                    1053.55
4.1888                989.608                   0.855621                    1156.6
4.19                1120.7                   0.828205                    1353.17
4.195                908.831                   0.907403                    1001.57
4.1989                945.164                   0.890506                    1061.38
4.2                1130.71                   0.834162                    1355.51
4.203                926.613                   0.910303                    1017.92
4.206                986.24                   0.884362                    1115.2
4.20773                927.068                   0.907526                    1021.53
4.2092                897.7                   0.916481                    979.508
4.21                743.034                   0.995135                    746.667
4.215                790.633                   0.94248                    838.886
4.21713                821.895                   0.927207                    886.42
4.2187                778.784                   0.948813                    820.797
4.22                856.096                   0.909855                    940.915
4.225                508.821                   1.12605                    451.866
4.22626                646.227                   0.987584                    654.351
4.23                620.622                   1.00612                    616.85
4.235                763.176                   0.924766                    825.264
4.2357                650.505                   0.997946                    651.844
4.24                783.993                   0.916703                    855.231
4.24166                618.925                   1.01863                    607.607
4.243                703.245                   0.951281                    739.261
4.2438                650.955                   0.988249                    658.695
4.245                511.256                   1.10286                    463.575
4.248                564.14                   1.02538                    550.175
4.25                859.114                   0.866055                    991.985
4.255                632.855                   0.997503                    634.439
4.25797                578.802                   1.02357                    565.471
4.26                389.372                   1.23336                    315.699
4.265                396.26                   1.16159                    341.136
4.2668                606.233                   0.94777                    639.642
4.27                536.028                   1.01846                    526.311
4.275                371.465                   1.19176                    311.693
4.2777                572.537                   0.961408                    595.519
4.28                562.799                   0.982245                    572.972
4.285                621.95                   0.950194                    654.551
4.28788                473.341                   1.07233                    441.413
4.29                439                   1.09541                    400.762
4.3                483.012                   1.027                    470.312
4.30789                486.908                   1.02054                    477.108
4.31                510.628                   0.998629                    511.329
4.31205                393.109                   1.13038                    347.768
4.32                518.902                   0.981732                    528.558
4.33                374.946                   1.12306                    333.862
4.33739                387.022                   1.08493                    356.724
4.34                377.046                   1.09511                    344.298
4.35                388.764                   1.06771                    364.11
4.35826                451.817                   1.00215                    450.847
4.36                297.91                   1.2355                    241.124
4.37                693.581                   0.867796                    799.245
4.37737                465.52                   1.0282                    452.754
4.38                696.605                   0.870388                    800.338
4.3874                522.199                   0.991869                    526.479
4.39                579.97                   0.943617                    614.625
4.395                415.952                   1.08404                    383.706
4.39645                592.102                   0.916653                    645.938
4.4                539.339                   0.970411                    555.784
4.41                941.395                   0.828743                    1135.93
4.41558                657.621                   0.954247                    689.153
4.42                1083.38                   0.806842                    1342.74
4.425                466.309                   1.13537                    410.712
4.43                736.84                   0.900124                    818.599
4.43624                716.717                   0.922366                    777.042
4.44                672.666                   0.945039                    711.786
4.45                568.492                   0.99615                    570.689
4.46                741.002                   0.903232                    820.389
4.46706                511.976                   1.04515                    489.86
4.48                390.774                   1.12435                    347.555
4.5                296.347                   1.20901                    245.115
4.52                400.762                   1.03427                    387.482
4.52714                406.976                   1.03117                    394.675
4.54                510.351                   0.953782                    535.081
4.55                291.269                   1.21129                    240.461
4.56                273.668                   1.19789                    228.459
4.57                420.464                   0.9865                    426.218
4.5745                456.916                   0.96561                    473.188
4.58                355.607                   1.08036                    329.155
4.59                353.438                   1.06455                    332.005
4.59953                394.93                   1.01397                    389.487
4.61186                394.02                   1.01873                    386.777
4.628                377.892                   1.03304                    365.804
4.64091                400.32                   1.00772                    397.254
4.66124                414.102                   0.998109                    414.886
4.68192                435.692                   0.983535                    442.986
4.69882                431                   0.990391                    435.182
4.7397                463.011                   0.971476                    476.606
4.75005                453.211                   0.981172                    461.908
4.78054                440.308                   0.990021                    444.746
4.84307                391.348                   1.01999                    383.679
4.91802                383.509                   1.01379                    378.293
4.95093                397.981                   0.998954                    398.397
