3.80765                157.609                   0.774567                    203.48
3.85                142.544                   0.832199                    171.286
3.89                1318.42                   0.736552                    1789.98
3.895                533.901                   0.959527                    556.421
3.89624                1347.02                   0.700332                    1923.4
3.9                1162.43                   0.772627                    1504.52
3.905                1725.3                   0.726839                    2373.71
3.91                1815.39                   0.747806                    2427.62
3.915                1710.38                   0.775206                    2206.36
3.92                2262.42                   0.740937                    3053.46
3.925                2350.12                   0.758005                    3100.4
3.93                2253.2                   0.778884                    2892.86
3.935                2163.21                   0.794513                    2722.69
3.94                2818.86                   0.755606                    3730.6
3.945                2295                   0.812251                    2825.48
3.95                3177.21                   0.756406                    4200.4
3.955                2584.96                   0.814255                    3174.64
3.96                2722.67                   0.801775                    3395.8
3.965                3317.32                   0.774513                    4283.1
3.97                2755.02                   0.826136                    3334.82
3.975                2998.02                   0.805964                    3719.79
3.98                3922.82                   0.76693                    5114.97
3.985                3752.51                   0.794842                    4721.07
3.99                3245.27                   0.832143                    3899.89
3.995                3591.74                   0.807852                    4446.03
4                3733.84                   0.808699                    4617.09
4.005                3793.8                   0.813113                    4665.77
4.00762                3801.88                   0.816257                    4657.7
4.01                4010.75                   0.806629                    4972.24
4.012                4336.82                   0.794029                    5461.79
4.014                3938.12                   0.824669                    4775.4
4.016                4446.14                   0.79435                    5597.2
4.018                4703.9                   0.790035                    5954.04
4.02                5599.02                   0.761793                    7349.79
4.025                6312.22                   0.7666                    8234.06
4.03                7514.92                   0.757125                    9925.6
4.035                8574.32                   0.756501                    11334.2
4.04                8649.03                   0.77342                    11182.8
4.05                6685.2                   0.836432                    7992.52
4.055                7300.43                   0.813107                    8978.43
4.06                7382.85                   0.817533                    9030.65
4.065                7125.17                   0.83018                    8582.68
4.07                7257.49                   0.828211                    8762.85
4.08                6696.36                   0.851462                    7864.54
4.08545                6600.89                   0.854266                    7726.97
4.09                6522.17                   0.857301                    7607.79
4.1                5850.54                   0.883238                    6623.97
4.11                7113.92                   0.837167                    8497.61
4.12                6069.9                   0.885175                    6857.29
4.12848                5918.02                   0.886682                    6674.34
4.13                7019.26                   0.834213                    8414.22
4.14                6712.84                   0.865699                    7754.25
4.145                6579.66                   0.87261                    7540.2
4.15                6421.22                   0.87969                    7299.41
4.15744                5958.57                   0.898847                    6629.13
4.16                6068.91                   0.890652                    6814.01
4.17                6457.31                   0.876159                    7370.02
4.18                6200.64                   0.891163                    6957.92
4.18859                5581.86                   0.919507                    6070.5
4.1888                5241.27                   0.947787                    5530.01
4.19                5199.18                   0.941269                    5523.59
4.195                6214.56                   0.87908                    7069.39
4.1989                4952.5                   0.959336                    5162.43
4.2                5072.82                   0.942692                    5381.21
4.203                5456.75                   0.913197                    5975.43
4.206                5566.69                   0.908269                    6128.9
4.20773                4943.11                   0.953294                    5185.3
4.2092                4383.89                   0.996199                    4400.62
4.21                4748.38                   0.95322                    4981.41
4.215                4714.89                   0.951253                    4956.51
4.21713                4251.29                   0.990259                    4293.11
4.2187                3781.01                   1.03561                    3650.98
4.22                3390.23                   1.0797                    3139.96
4.225                3327.08                   1.05571                    3151.51
4.22626                3392.9                   1.04101                    3259.24
4.23                2899.18                   1.10653                    2620.07
4.235                2634.66                   1.12944                    2332.72
4.2357                2792.71                   1.09119                    2559.33
4.24                2843.97                   1.07312                    2650.19
4.24166                2615.18                   1.11493                    2345.6
4.243                3192.16                   1.00604                    3173
4.2438                2565.35                   1.1306                    2269.02
4.245                2040.35                   1.26191                    1616.88
4.248                2681.81                   1.06923                    2508.16
4.25                2829.75                   1.04543                    2706.78
4.255                2179.45                   1.17473                    1855.28
4.25797                2526.6                   1.07779                    2344.24
4.26                2649.86                   1.05435                    2513.28
4.265                2435.89                   1.09221                    2230.23
4.2668                2487.01                   1.07676                    2309.71
4.27                2088.27                   1.1653                    1792.04
4.275                2143.17                   1.12781                    1900.3
4.2777                2478.34                   1.04866                    2363.34
4.28                2460.46                   1.05655                    2328.77
4.285                2541.17                   1.04006                    2443.31
4.28788                2546.78                   1.03872                    2451.84
4.29                2899.97                   0.980834                    2956.63
4.3                2519.36                   1.04507                    2410.7
4.30789                2941.82                   0.977435                    3009.73
4.31                3362.67                   0.929039                    3619.52
4.31205                2803.81                   1.01236                    2769.59
4.32                2864.17                   0.992112                    2886.94
4.33                2948.86                   0.980785                    3006.63
4.33739                3388.11                   0.935592                    3621.35
4.34                3097.36                   0.974538                    3178.29
4.35                3560.4                   0.927238                    3839.8
4.35826                3893.7                   0.909519                    4281.06
4.36                3678.59                   0.933546                    3940.45
4.37                4410.34                   0.885667                    4979.69
4.37737                4338.14                   0.901856                    4810.23
4.38                3927.06                   0.937844                    4187.33
4.3874                4893.89                   0.871327                    5616.59
4.39                4537.33                   0.902585                    5027.04
4.395                4082.7                   0.9358                    4362.79
4.39645                4625.09                   0.888056                    5208.1
4.4                4416.28                   0.912225                    4841.21
4.41                5064.35                   0.879436                    5758.63
4.41558                4877.13                   0.897995                    5431.13
4.42                4738.27                   0.908381                    5216.17
4.425                5002.4                   0.892618                    5604.19
4.43                4723.38                   0.914674                    5164.01
4.43624                4863.97                   0.905018                    5374.45
4.44                4413.67                   0.939237                    4699.21
4.45                4809.39                   0.907952                    5296.97
4.46                4003.93                   0.968543                    4133.98
4.46706                3948.25                   0.963727                    4096.86
4.48                4203.18                   0.93904                    4476.03
4.5                4175.31                   0.943414                    4425.74
4.52                3264.08                   1.01895                    3203.38
4.52714                3741.6                   0.958657                    3902.96
4.54                3652.03                   0.970506                    3763.02
4.55                3015.71                   1.03852                    2903.87
4.56                3104.46                   1.01107                    3070.48
4.57                3510.46                   0.963527                    3643.34
4.5745                3504.07                   0.967766                    3620.79
4.58                3576.94                   0.961723                    3719.31
4.59                3237.89                   0.998383                    3243.14
4.59953                3458.89                   0.969013                    3569.5
4.61186                3381.52                   0.97859                    3455.5
4.628                3326.63                   0.981847                    3388.14
4.64091                3233.68                   0.989431                    3268.22
4.66124                3433.72                   0.966934                    3551.14
4.68192                3568.05                   0.958296                    3723.33
4.69882                3699.3                   0.950675                    3891.24
4.7397                3313.26                   0.986005                    3360.29
4.75005                3333                   0.980817                    3398.19
4.78054                3314.39                   0.980041                    3381.89
4.84307                3037.43                   1.00012                    3037.05
4.91802                3023.41                   0.992534                    3046.15
4.95093                3014.26                   0.991655                    3039.63
