3.80765                332.836                   0.774567                    429.705
3.85                414.976                   0.804054                    516.105
3.89                1871.46                   0.746802                    2505.96
3.895                1301.27                   0.82842                    1570.79
3.89624                2072.01                   0.720648                    2875.2
3.9                1858.57                   0.773707                    2402.16
3.905                2564.52                   0.736242                    3483.26
3.91                2712.91                   0.755398                    3591.37
3.915                2660.59                   0.77191                    3446.76
3.92                3268.15                   0.750711                    4353.4
3.925                3448.26                   0.762032                    4525.09
3.93                3280.19                   0.784174                    4182.98
3.935                3381.56                   0.785448                    4305.27
3.94                4344.46                   0.754511                    5757.98
3.945                3705.23                   0.802364                    4617.89
3.95                4593.37                   0.766928                    5989.31
3.955                4288.48                   0.796025                    5387.37
3.96                4096.96                   0.810929                    5052.17
3.965                4908.09                   0.78005                    6292.02
3.97                4381.7                   0.81743                    5360.34
3.975                4662.61                   0.805999                    5784.88
3.98                5843.05                   0.772795                    7560.93
3.985                5588.92                   0.798879                    6995.96
3.99                5101.11                   0.823811                    6192.08
3.995                47710.6                   0.637155                    74880.7
4                5851                   1.30051                    4499.02
4.005                5906.95                   1.01535                    5817.65
4.00762                6056.38                   0.967177                    6261.91
4.01                6338.52                   0.931271                    6806.32
4.012                6862.94                   0.895218                    7666.22
4.014                6647.21                   0.902603                    7364.49
4.016                7205.86                   0.871806                    8265.45
4.018                7593.95                   0.856895                    8862.17
4.02                8467.08                   0.829418                    10208.5
4.025                9472.05                   0.815845                    11610.1
4.03                10812.2                   0.799726                    13519.9
4.035                11834.9                   0.795557                    14876.2
4.04                11264.4                   0.817976                    13771.1
4.05                9191.76                   0.866751                    10604.9
4.055                9747.81                   0.846731                    11512.3
4.06                10102.6                   0.841594                    12004.2
4.065                9474.65                   0.861365                    10999.6
4.07                9506.98                   0.859362                    11062.8
4.08                9144.07                   0.870297                    10506.8
4.08545                8842.39                   0.878592                    10064.3
4.09                9824.33                   0.849959                    11558.6
4.1                8277.42                   0.90038                    9193.25
4.11                9307.54                   0.865661                    10752
4.12                8693.6                   0.888841                    9780.83
4.12848                8399.74                   0.896308                    9371.49
4.13                9633.68                   0.851961                    11307.7
4.14                9343.84                   0.876848                    10656.2
4.145                9442.34                   0.875577                    10784.1
4.15                9246.86                   0.883383                    10467.5
4.15744                8742.79                   0.898979                    9725.24
4.16                8763.19                   0.896702                    9772.69
4.17                9371.53                   0.880059                    10648.7
4.18                8829.04                   0.900399                    9805.7
4.18859                8224.05                   0.9185                    8953.78
4.1888                7902.96                   0.936373                    8439.96
4.19                8103.62                   0.92056                    8802.92
4.195                9007.07                   0.887193                    10152.3
4.1989                7545.19                   0.949241                    7948.66
4.2                7973.52                   0.922112                    8647.02
4.203                8138.86                   0.915266                    8892.35
4.206                8095.27                   0.917307                    8825.04
4.20773                7520.39                   0.94412                    7965.5
4.2092                6734.9                   0.984433                    6841.4
4.21                6723.88                   0.978913                    6868.72
4.215                7044.97                   0.948789                    7425.23
4.21713                6460.48                   0.981983                    6579.02
4.2187                5909.57                   1.0151                    5821.64
4.22                5817.59                   1.0141                    5736.69
4.225                4984.03                   1.06394                    4684.5
4.22626                5202.74                   1.03484                    5027.58
4.23                4687.86                   1.07392                    4365.17
4.235                4473.43                   1.07652                    4155.44
4.2357                4489.97                   1.07169                    4189.6
4.24                4777.02                   1.03273                    4625.63
4.24166                4178.14                   1.09992                    3798.6
4.243                5004.02                   1.00057                    5001.18
4.2438                4200.32                   1.09688                    3829.35
4.245                3677.81                   1.1614                    3166.72
4.248                4321.5                   1.05383                    4100.75
4.25                4652.24                   1.01996                    4561.2
4.255                3730.82                   1.12302                    3322.13
4.25797                4057.72                   1.06549                    3808.32
4.26                4051.09                   1.06543                    3802.3
4.265                3623.46                   1.11172                    3259.33
4.2668                4066.88                   1.04515                    3891.21
4.27                3656.46                   1.09939                    3325.9
4.275                3355.4                   1.12826                    2973.97
4.2777                3997.63                   1.03281                    3870.65
4.28                3886                   1.05113                    3696.97
4.285                4131.7                   1.02159                    4044.39
4.28788                3938.93                   1.04379                    3773.67
4.29                4303.89                   1.00072                    4300.81
4.3                4073.05                   1.02569                    3971.02
4.30789                4486.17                   0.984475                    4556.92
4.31                4996.99                   0.94368                    5295.21
4.31205                4210.37                   1.02252                    4117.63
4.32                4423.15                   0.990525                    4465.46
4.33                4590.76                   0.97758                    4696.04
4.33739                5004.1                   0.949744                    5268.89
4.34                4613.99                   0.984939                    4684.55
4.35                5259.26                   0.937731                    5608.5
4.35826                5816.52                   0.914605                    6359.6
4.36                5588.28                   0.932562                    5992.39
4.37                6739.95                   0.885147                    7614.51
4.37737                6442.76                   0.909976                    7080.14
4.38                6427.85                   0.911574                    7051.38
4.3874                7181.28                   0.884743                    8116.8
4.39                7202.91                   0.888569                    8106.19
4.395                6604.87                   0.920097                    7178.45
4.39645                7084.94                   0.893498                    7929.44
4.4                6951.76                   0.905559                    7676.77
4.41                8381.13                   0.863788                    9702.77
4.41558                7522.87                   0.904307                    8318.93
4.42                7794.9                   0.89206                    8738.09
4.425                7624.28                   0.90227                    8450.11
4.43                7534.78                   0.906847                    8308.77
4.43624                7598.96                   0.905504                    8391.97
4.44                7016.73                   0.933016                    7520.49
4.45                7396.9                   0.912702                    8104.4
4.46                6565.64                   0.951303                    6901.73
4.46706                5975.26                   0.977432                    6113.23
4.48                6283.89                   0.949878                    6615.46
4.5                5937.15                   0.965422                    6149.8
4.52                5112.08                   1.00683                    5077.4
4.52714                5594.54                   0.966766                    5786.86
4.54                5592.91                   0.969045                    5771.57
4.55                4861.19                   1.01813                    4774.64
4.56                4849.93                   1.00738                    4814.41
4.57                5326.76                   0.96947                    5494.51
4.5745                5239.22                   0.978184                    5356.06
4.58                5179.77                   0.981911                    5275.19
4.59                4827.74                   1.00526                    4802.46
4.59953                5125.45                   0.977922                    5241.17
4.61186                4965.68                   0.98987                    5016.5
4.628                4976.73                   0.985657                    5049.15
4.64091                4870.44                   0.99158                    4911.79
4.66124                5167.52                   0.969746                    5328.73
4.68192                5358.4                   0.961595                    5572.4
4.69882                5500.86                   0.956569                    5750.62
4.7397                5150.48                   0.979025                    5260.83
4.75005                5183.47                   0.975182                    5315.39
4.78054                5083.89                   0.97985                    5188.44
4.84307                4685.15                   0.998422                    4692.56
4.91802                4638.46                   0.992778                    4672.2
4.95093                4624.65                   0.991767                    4663.04

