3.80765                175.227                   0.774567                    226.226
3.85                272.432                   0.789327                    345.145
3.89                553.044                   0.778436                    710.454
3.895                767.374                   0.737202                    1040.93
3.89624                724.991                   0.763578                    949.466
3.9                696.137                   0.77551                    897.651
3.905                839.222                   0.755573                    1110.71
3.91                897.525                   0.763676                    1175.27
3.915                950.206                   0.769022                    1235.6
3.92                1005.73                   0.772698                    1301.58
3.925                1098.14                   0.770649                    1424.96
3.93                1026.98                   0.798592                    1285.99
3.935                1218.35                   0.771415                    1579.37
3.94                1497.52                   0.755049                    1983.34
3.945                1410.23                   0.786763                    1792.44
3.95                1359.86                   0.798869                    1702.23
3.955                1464.77                   0.790263                    1853.52
3.96                1374.29                   0.812339                    1691.76
3.965                1590.78                   0.787756                    2019.38
3.97                1475.73                   0.8151                    1810.49
3.975                1593.06                   0.802743                    1984.53
3.98                1683.81                   0.801018                    2102.09
3.985                1760.55                   0.801664                    2196.12
3.99                1855.84                   0.80157                    2315.26
3.995                1864.9                   0.808829                    2305.68
4                1919.86                   0.809748                    2370.93
4.005                1937.56                   0.814969                    2377.47
4.00762                2012.4                   0.809562                    2485.79
4.01                1990.75                   0.817849                    2434.13
4.012                2311.71                   0.784718                    2945.91
4.014                2301.97                   0.79721                    2887.53
4.016                2474.64                   0.785538                    3150.25
4.018                2591.04                   0.783755                    3305.93
4.02                2518.15                   0.798472                    3153.71
4.025                2843.15                   0.784723                    3623.12
4.03                2929.53                   0.79263                    3695.97
4.035                2838.37                   0.808788                    3509.41
4.04                2352.27                   0.856107                    2747.64
4.05                2506.56                   0.835027                    3001.77
4.055                2353.2                   0.853835                    2756.04
4.06                2488.29                   0.840246                    2961.38
4.065                2265.65                   0.86716                    2612.72
4.07                2249.49                   0.866235                    2596.87
4.08                2337.1                   0.857744                    2724.71
4.08545                2167.89                   0.880456                    2462.24
4.09                2155.17                   0.878529                    2453.15
4.1                2297.09                   0.863861                    2659.1
4.11                2075.21                   0.893529                    2322.48
4.12                1880.87                   0.914991                    2055.61
4.12848                1897.26                   0.90609                    2093.89
4.13                2086.49                   0.874761                    2385.21
4.14                2082.91                   0.886458                    2349.7
4.145                1980.11                   0.902764                    2193.39
4.15                1769.73                   0.935372                    1892.01
4.15744                1866.31                   0.909373                    2052.31
4.16                1924.31                   0.900655                    2136.57
4.17                1908.42                   0.905916                    2106.61
4.18                1874.75                   0.911322                    2057.18
4.18859                1714.84                   0.936471                    1831.17
4.1888                1672.08                   0.948405                    1763.04
4.19                1783.74                   0.91883                    1941.32
4.195                1883.68                   0.904754                    2081.98
4.1989                1647.53                   0.951405                    1731.68
4.2                1769.99                   0.919318                    1925.33
4.203                1755.5                   0.92483                    1898.19
4.206                1542.34                   0.971642                    1587.35
4.20773                1650.21                   0.93774                    1759.78
4.2092                1453.3                   0.990902                    1466.65
4.21                1232.47                   1.06658                    1155.54
4.215                1539.45                   0.945052                    1628.95
4.21713                1387.29                   0.989721                    1401.7
4.2187                1349.78                   0.995905                    1355.33
4.22                1571.27                   0.929363                    1690.69
4.225                1148.12                   1.06025                    1082.88
4.22626                1163.61                   1.04308                    1115.56
4.23                1168.06                   1.02901                    1135.13
4.235                1075.6                   1.0546                    1019.91
4.2357                1046.76                   1.06634                    981.64
4.24                1149.06                   1.01191                    1135.53
4.24166                944.035                   1.1116                    849.259
4.243                1108.61                   1.0169                    1090.19
4.2438                984.016                   1.08166                    909.727
4.245                1126.21                   1.00597                    1119.52
4.248                1075.55                   1.03119                    1043.01
4.25                963.37                   1.08055                    891.559
4.255                918.517                   1.08495                    846.6
4.25797                952.32                   1.06011                    898.323
4.26                1011.86                   1.02825                    984.055
4.265                791.314                   1.14466                    691.312
4.2668                973.64                   1.02582                    949.131
4.27                1032.16                   1.00719                    1024.79
4.275                840.77                   1.10133                    763.412
4.2777                946.746                   1.03272                    916.752
4.28                862.741                   1.0796                    799.133
4.285                968.579                   1.01773                    951.702
4.28788                918.809                   1.04315                    880.8
4.29                964.919                   1.01737                    948.446
4.3                1070.68                   0.979485                    1093.1
4.30789                1057.44                   0.988235                    1070.03
4.31                1123.69                   0.962513                    1167.45
4.31205                1013.45                   1.00952                    1003.9
4.32                1040.08                   0.99053                    1050.02
4.33                1266.95                   0.927058                    1366.64
4.33739                1228.97                   0.946647                    1298.23
4.34                1139.59                   0.976744                    1166.72
4.35                1310.1                   0.927148                    1413.04
4.35826                1471                   0.901169                    1632.32
4.36                1611.77                   0.874676                    1842.71
4.37                1636.03                   0.891506                    1835.13
4.37737                1639.1                   0.898372                    1824.53
4.38                1804.19                   0.870292                    2073.08
4.3874                1765.19                   0.889836                    1983.73
4.39                2085.61                   0.843078                    2473.8
4.395                2106.23                   0.857286                    2456.85
4.39645                1867.75                   0.900003                    2075.27
4.4                1996.15                   0.873948                    2284.06
4.41                2375.39                   0.844565                    2812.56
4.41558                1988.12                   0.903268                    2201.03
4.42                1973.25                   0.899956                    2192.61
4.425                2155.57                   0.874822                    2464
4.43                2074.56                   0.891697                    2326.53
4.43624                2018.27                   0.901008                    2240.02
4.44                1930.4                   0.914605                    2110.64
4.45                2019.02                   0.899918                    2243.56
4.46                1820.7                   0.932949                    1951.55
4.46706                1515.03                   0.99068                    1529.29
4.48                1689.94                   0.93681                    1803.93
4.5                1465.5                   0.979648                    1495.95
4.52                1447.23                   0.97189                    1489.09
4.52714                1445.96                   0.969984                    1490.71
4.54                1430.52                   0.970752                    1473.63
4.55                1554.2                   0.942358                    1649.27
4.56                1471.81                   0.964546                    1525.91
4.57                1395.84                   0.979701                    1424.76
4.5745                1278.23                   1.01123                    1264.03
4.58                1247.22                   1.01211                    1232.29
4.59                1236.41                   1.00633                    1228.63
4.59953                1271.63                   0.990951                    1283.25
4.61186                1190.14                   1.01236                    1175.61
4.628                1272.21                   0.981538                    1296.14
4.64091                1236.43                   0.992373                    1245.94
4.66124                1319.7                   0.968158                    1363.1
4.68192                1354.66                   0.963224                    1406.38
4.69882                1370.56                   0.961847                    1424.92
4.7397                1374.21                   0.964164                    1425.29
4.75005                1397.26                   0.959202                    1456.69
4.78054                1329.19                   0.976005                    1361.87
4.84307                1256.37                   0.986978                    1272.95
4.91802                1231.54                   0.986837                    1247.96
4.95093                1212.41                   0.98969                    1225.04
