3.8500     3850    7.967        8.6698e+01    9.41e+01
3.8900     3890    7.758        4.1173e+02    9.28e+01
3.8950     3895    7.567        1.6738e+02    9.38e+01
3.9000     3900    7.575        3.2469e+02    9.61e+01
3.9050     3905    7.596        5.4939e+02    9.41e+01
3.9100     3910    7.240        5.2369e+02    9.39e+01
3.9150     3915    7.454        5.4295e+02    9.40e+01
3.9200     3920    6.806        6.3049e+02    9.33e+01
3.9250     3925    6.694        6.1311e+02    9.37e+01
3.9300     3930    6.735        6.0749e+02    9.34e+01
3.9350     3935    7.161        6.4467e+02    9.44e+01
3.9400     3940    7.228        8.2768e+02    9.64e+01
3.9450     3945    7.590        6.9866e+02    9.89e+01
3.9500     3950    7.714        1.0494e+03    1.00e+02
3.9550     3955    8.124        8.3369e+02    9.97e+01
3.9600     3960    8.489        9.5671e+02    1.05e+02
3.9650     3965    7.768        1.0340e+03    1.01e+02
3.9700     3970    7.321        7.5038e+02    9.92e+01
3.9750     3975    8.062        9.1614e+02    1.03e+02
3.9800     3980    7.851        1.2630e+03    1.04e+02
3.9850     3985    7.969        1.1954e+03    1.05e+02
3.9900     3990    8.024        1.0624e+03    1.04e+02
3.9950     3995    7.985        1.1468e+03    1.05e+02
4.0000     4000    7.732        1.1472e+03    1.03e+02
4.0050     4005    7.537        1.1403e+03    1.02e+02
4.0100     4010    7.183        1.1713e+03    9.92e+01
4.0120     4012    6.907        1.1826e+03    1.01e+02
4.0140     4014    6.694        1.0090e+03    9.76e+01
4.0160     4016    6.544        1.1865e+03    9.57e+01
4.0180     4018    6.968        1.3467e+03    1.01e+02
4.0200     4020    6.726        1.5317e+03    1.03e+02
4.0250     4025    6.538        1.6402e+03    1.05e+02
4.0300     4030    16.45        4.8724e+03    1.71e+02
4.0350     4035    6.706        2.3169e+03    1.13e+02
4.0400     4040    6.564        2.2855e+03    1.10e+02
4.0500     4050    6.567        1.7210e+03    1.06e+02
4.0550     4055    6.927        1.9804e+03    1.10e+02
4.0600     4060    6.338        1.8664e+03    1.04e+02
4.0650     4065    7.022        1.9746e+03    1.09e+02
4.0700     4070    7.271        2.0654e+03    1.13e+02
4.0800     4080    7.721        2.0921e+03    1.12e+02
4.0900     4090    7.611        1.9529e+03    1.12e+02
4.1000     4100    7.254        1.6621e+03    1.06e+02
4.1100     4110    7.146        2.0764e+03    1.09e+02
4.1200     4120    7.648        1.9148e+03    1.09e+02
4.1300     4130    7.207        2.0178e+03    1.10e+02
4.1400     4140    7.268        1.8865e+03    1.11e+02
4.1450     4145    7.774        1.9932e+03    1.12e+02
4.1500     4150    7.662        1.9226e+03    1.13e+02
4.1600     4160    7.954        1.9309e+03    1.12e+02
4.1700     4170    18.008        4.6158e+03    1.70e+02
4.1800     4180    7.309        1.7921e+03    1.09e+02
4.1900     4190    7.560        1.5642e+03    1.08e+02
4.1950     4195    7.503        1.8952e+03    1.08e+02
4.2000     4200    7.582        1.5487e+03    1.05e+02
4.2030     4203    6.815        1.4908e+03    1.00e+02
4.2060     4206    7.638        1.6589e+03    1.07e+02
4.2100     4210    7.678        1.4314e+03    1.03e+02
4.2150     4215    7.768        1.4826e+03    1.03e+02
4.2200     4220    7.935        1.0556e+03    9.97e+01
4.2250     4225    8.212        1.0736e+03    1.01e+02
4.2300     4230    8.193        9.6815e+02    9.76e+01
4.2350     4235    8.273        8.7967e+02    9.55e+01
4.2400     4240    7.830        8.1172e+02    9.92e+01
4.2430     4243    8.571        1.1195e+03    9.98e+01
4.2450     4245    8.487        7.0532e+02    9.36e+01
4.2480     4248    8.554        9.2891e+02    9.78e+01
4.2500     4250    8.596        9.9254e+02    9.89e+01
4.2550     4255    8.657        7.3071e+02    9.67e+01
4.2600     4260    8.880        8.8977e+02    1.00e+02
4.2650     4265    8.629        8.1484e+02    9.66e+01
4.2700     4270    8.548        6.9889e+02    9.55e+01
4.2750     4275    8.567        7.0740e+02    9.56e+01
4.2800     4280    8.723        8.2592e+02    9.84e+01
4.2850     4285    8.596        9.0166e+02    9.69e+01
4.2900     4290    9.010        1.0412e+03    1.01e+02
4.3000     4300    8.453        8.2628e+02    9.74e+01
4.3100     4310    8.599        1.1719e+03    1.02e+02
4.3200     4320    9.342        1.0526e+03    1.03e+02
4.3300     4330    8.657        1.0208e+03    1.01e+02
4.3400     4340    8.700        1.0686e+03    1.01e+02
4.3500     4350    8.542        1.2018e+03    1.03e+02
4.3600     4360    8.063        1.2263e+03    9.78e+01
4.3700     4370    8.498        1.4895e+03    1.05e+02
4.3800     4380    8.158        1.2763e+03    1.02e+02
4.3900     4390    7.460        1.3780e+03    9.98e+01
4.3950     4395    7.430        1.2017e+03    9.81e+01
4.4000     4400    7.178        1.2459e+03    9.78e+01
4.4100     4410    6.352        1.2768e+03    9.66e+01
4.4200     4420    7.519        1.4505e+03    1.00e+02
4.4250     4425    7.436        1.5034e+03    1.01e+02
4.4300     4430    6.788        1.3001e+03    9.46e+01
4.4400     4440    7.634        1.3017e+03    9.95e+01
4.4500     4450    7.677        1.4514e+03    1.03e+02
4.4600     4460    8.724        1.3628e+03    1.04e+02
4.4800     4480    8.167        1.3332e+03    1.00e+02
4.5000     4500    7.997        1.3528e+03    9.90e+01
4.5200     4520    8.674        1.1126e+03    9.82e+01
4.5400     4540    9.335        1.3700e+03    1.06e+02
4.5500     4550    8.765        1.0470e+03    9.77e+01
4.5600     4560    8.259        9.8217e+02    9.70e+01
4.5700     4570    8.390        1.1746e+03    9.77e+01
4.5800     4580    8.545        1.2537e+03    9.91e+01
4.5900     4590    8.162        1.0859e+03    9.37e+01
