3.80765     380765    50.54        0            0
3.89624     389624    52.61        0            0
4.00762     400762    482        6.3459e+03    3.05e+02
4.08545     408545    52.86        2.2871e+02    7.87e+01
4.12848     412848    401.5        1.2890e+04    3.81e+02
4.15744     415744    408.7        2.0307e+04    4.51e+02
4.18859     418859    43.33        2.2325e+03    1.50e+02
4.1888     418880    526.7        2.8040e+04    5.32e+02
4.1989     419890    526        2.6731e+04    5.30e+02
4.20773     420773    54.95        2.7206e+03    1.67e+02
4.2092     420920    517.1        2.4786e+04    5.11e+02
4.21713     421713    54.6        2.3951e+03    1.59e+02
4.2187     421870    514.6        2.1454e+04    4.75e+02
4.22626     422626    1100.9        3.8145e+04    6.43e+02
4.2357     423570    530.3        1.8597e+04    4.39e+02
4.24166     424166    55.88        1.8716e+03    1.41e+02
4.2438     424380    538.1        1.8957e+04    4.44e+02
4.25797     425797    828.4        2.5969e+04    5.28e+02
4.2668     426680    531.1        1.7782e+04    4.27e+02
4.2777     427770    175.7        5.5713e+03    2.42e+02
4.28788     428788    502.4        1.2850e+04    3.84e+02
4.30789     430789    45.08        1.2152e+03    1.20e+02
4.31205     431205    501.2        1.0760e+04    3.68e+02
4.33739     433739    505        1.0541e+04    3.72e+02
4.35826     435826    543.9        1.3308e+04    4.12e+02
4.37737     437737    522.7        1.2987e+04    4.15e+02
4.3874     438740    55.57        1.6027e+03    1.38e+02
4.39645     439645    507.8        1.6076e+04    4.40e+02
4.41558     441558    1090.7        3.8068e+04    6.80e+02
4.43624     443624    569.9        2.1798e+04    5.05e+02
4.46706     446706    111.09        3.0100e+03    1.98e+02
4.52714     452714    112.12        2.5830e+03    1.87e+02
4.5745     457450    48.93        1.2192e+03    1.21e+02
4.59953     459953    586.9        1.2367e+04    4.32e+02
4.61186     4610    103.65        2.2199e+03    1.79e+02
4.62800     4620    521.53        1.0679e+04    4.06e+02
4.64091     4640    551.65        1.1643e+04    4.31e+02
4.66124     4660    529.43        1.1821e+04    4.21e+02
4.68192     4680    1667.39        3.8902e+04    7.71e+02
4.69882     4700    535.54        1.2643e+04    4.41e+02
4.73970     4740    163.87        4.1372e+03    2.52e+02
4.75005     4750    366.55        8.7634e+03    3.62e+02
4.78054     4780    511.47        1.2230e+04    4.24e+02
4.84307     4840    525.16        1.1073e+04    4.28e+02
4.91802     4914    207.82        4.4654e+03    2.65e+02
4.95093     4946    159.28        3.3889e+03    2.45e+02
