3.8500     3850    7.967        1.9984e+02    4.85e+01
3.8900     3890    7.758        4.1830e+02    5.44e+01
3.8950     3895    7.567        5.5205e+02    5.75e+01
3.9000     3900    7.575        5.0231e+02    5.64e+01
3.9050     3905    7.596        5.9136e+02    5.92e+01
3.9100     3910    7.240        6.0975e+02    5.90e+01
3.9150     3915    7.454        6.7074e+02    6.22e+01
3.9200     3920    6.806        6.3827e+02    5.98e+01
3.9250     3925    6.694        6.7603e+02    6.12e+01
3.9300     3930    6.735        6.5725e+02    5.97e+01
3.9350     3935    7.161        8.1985e+02    6.50e+01
3.9400     3940    7.228        1.0228e+03    6.72e+01
3.9450     3945    7.590        9.8965e+02    6.97e+01
3.9500     3950    7.714        9.7632e+02    7.02e+01
3.9550     3955    8.124        1.1261e+03    7.25e+01
3.9600     3960    8.489        1.0954e+03    7.34e+01
3.9650     3965    7.768        1.1521e+03    7.24e+01
3.9700     3970    7.321        9.9996e+02    7.14e+01
3.9750     3975    8.062        1.1583e+03    7.58e+01
3.9800     3980    7.851        1.2590e+03    7.39e+01
3.9850     3985    7.969        1.3144e+03    7.74e+01
3.9900     3990    8.024        1.3599e+03    7.85e+01
3.9950     3995    7.985        1.3916e+03    7.78e+01
4.0000     4000    7.732        1.4044e+03    7.86e+01
4.0050     4005    7.537        1.3498e+03    7.86e+01
4.0100     4010    7.183        1.3301e+03    7.80e+01
4.0120     4012    6.907        1.4763e+03    7.85e+01
4.0140     4014    6.694        1.4229e+03    7.75e+01
4.0160     4016    6.544        1.5296e+03    7.82e+01
4.0180     4018    6.968        1.7178e+03    8.20e+01
4.0200     4020    6.726        1.6119e+03    8.04e+01
4.0250     4025    6.538        1.7553e+03    8.42e+01
4.0300     4030    16.45        4.5147e+03    1.36e+02
4.0350     4035    6.706        1.8183e+03    8.50e+01
4.0400     4040    6.564        1.4336e+03    8.05e+01
4.0500     4050    6.567        1.5266e+03    8.20e+01
4.0550     4055    6.927        1.5331e+03    8.15e+01
4.0600     4060    6.338        1.4757e+03    7.87e+01
4.0650     4065    7.022        1.4688e+03    8.22e+01
4.0700     4070    7.271        1.5415e+03    8.36e+01
4.0800     4080    7.721        1.6735e+03    8.73e+01
4.0900     4090    7.611        1.5236e+03    8.48e+01
4.1000     4100    7.254        1.5541e+03    8.37e+01
4.1100     4110    7.146        1.3889e+03    8.18e+01
4.1200     4120    7.648        1.3355e+03    8.21e+01
4.1300     4130    7.207        1.4185e+03    8.13e+01
4.1400     4140    7.268        1.4175e+03    8.23e+01
4.1450     4145    7.774        1.4487e+03    8.34e+01
4.1500     4150    7.662        1.2679e+03    8.19e+01
4.1600     4160    7.954        1.4286e+03    8.50e+01
4.1700     4170    18.008        3.1760e+03    1.27e+02
4.1800     4180    7.309        1.2814e+03    8.08e+01
4.1900     4190    7.560        1.2609e+03    8.04e+01
4.1950     4195    7.503        1.3237e+03    8.14e+01
4.2000     4200    7.582        1.2723e+03    7.99e+01
4.2030     4203    6.815        1.1424e+03    7.59e+01
4.2060     4206    7.638        1.1076e+03    7.81e+01
4.2100     4210    7.678        8.6825e+02    7.56e+01
4.2150     4215    7.768        1.1107e+03    7.90e+01
4.2200     4220    7.935        1.2217e+03    7.87e+01
4.2250     4225    8.212        8.7347e+02    7.49e+01
4.2300     4230    8.193        8.9282e+02    7.32e+01
4.2350     4235    8.273        8.5185e+02    7.34e+01
4.2400     4240    7.830        8.4452e+02    7.25e+01
4.2430     4243    8.571        8.8424e+02    7.41e+01
4.2450     4245    8.487        9.1475e+02    7.32e+01
4.2480     4248    8.554        8.8713e+02    7.28e+01
4.2500     4250    8.596        7.4352e+02    7.36e+01
4.2550     4255    8.657        7.5919e+02    6.99e+01
4.2600     4260    8.880        8.2785e+02    7.27e+01
4.2650     4265    8.629        6.3678e+02    6.98e+01
4.2700     4270    8.548        8.3155e+02    7.22e+01
4.2750     4275    8.567        6.8173e+02    7.15e+01
4.2800     4280    8.723        7.0887e+02    7.12e+01
4.2850     4285    8.596        7.9911e+02    7.23e+01
4.2900     4290    9.010        7.9154e+02    7.44e+01
4.3000     4300    8.453        8.7668e+02    7.31e+01
4.3100     4310    8.599        9.0840e+02    7.84e+01
4.3200     4320    9.342        8.8915e+02    7.88e+01
4.3300     4330    8.657        1.0440e+03    7.83e+01
4.3400     4340    8.700        9.3541e+02    7.81e+01
4.3500     4350    8.542        1.0406e+03    8.05e+01
4.3600     4360    8.063        1.2418e+03    8.15e+01
4.3700     4370    8.498        1.2948e+03    8.49e+01
4.3800     4380    8.158        1.3477e+03    8.55e+01
4.3900     4390    7.460        1.4177e+03    8.67e+01
4.3950     4395    7.430        1.4795e+03    8.60e+01
4.4000     4400    7.178        1.3311e+03    8.51e+01
4.4100     4410    6.352        1.4219e+03    8.41e+01
4.4200     4420    7.519        1.3867e+03    8.68e+01
4.4250     4425    7.436        1.5050e+03    8.81e+01
4.4300     4430    6.788        1.3012e+03    8.32e+01
4.4400     4440    7.634        1.3928e+03    8.64e+01
4.4500     4450    7.677        1.4749e+03    8.81e+01
4.4600     4460    8.724        1.5168e+03    8.96e+01
4.4800     4480    8.167        1.2767e+03    8.63e+01
4.5000     4500    7.997        1.0873e+03    8.09e+01
4.5200     4520    8.674        1.1601e+03    8.67e+01
4.5400     4540    9.335        1.2474e+03    8.78e+01
4.5500     4550    8.765        1.3191e+03    8.67e+01
4.5600     4560    8.259        1.1556e+03    8.28e+01
4.5700     4570    8.390        1.1177e+03    8.20e+01
4.5800     4580    8.545        1.0055e+03    8.29e+01
4.5900     4590    8.162        9.3691e+02    8.02e+01
